   9.07013863E-02   1.60076395E-02   5.57560883E-02
  0.898499966      0.310000002      0.123914272    
  -3.20444033E-02   0.00000000       2.72237044E-02
  -6.56111091E-02  0.800000012       2.72236802E-02
  0.457525313      0.103512026      0.113452345    
  0.149534717       2.63909735E-02   5.58740832E-02
  0.100506946       1.77381933E-02   5.58039695E-02
  0.873743892      0.310000002      0.149589464    
  0.716729760      0.296621621      0.215843379    
  0.159340277       2.81215273E-02   5.58799170E-02
  -1.23247709E-02   0.00000000       2.72262506E-02
 -0.115852848       0.00000000       2.72236802E-02
  0.948012233      0.310000002       9.23900902E-02
  0.174048603       3.07173617E-02   5.58874831E-02
  0.615474701      0.165787965      0.113744549    
  0.480477780      0.800000012       2.72236802E-02
  0.624297261      0.281216204      0.178443849    
  0.530122221      0.800000012       2.72236802E-02
  -4.07888889E-02  0.800000012       2.72236802E-02
  0.188756943       3.33131924E-02   5.58935925E-02
  0.903451204      0.310000002      0.119444706    
 -0.439339936       0.00000000       2.72236802E-02
  0.455655575      0.800000012       2.72236802E-02
  0.115215279       2.03340277E-02   5.58462813E-02
  0.364613920       6.68791085E-02   9.90646929E-02
 -0.324598253       0.00000000       2.72236802E-02
   8.08958337E-02   1.42770838E-02   5.56996725E-02
  0.663216233      0.287702709      0.215108097    
  0.653486490      0.286081076      0.213797465    
  0.643756747      0.284459472      0.210466519    
  0.672945976      0.289324343      0.215652883    
  0.682675719      0.290945947      0.215887919    
  0.692405403      0.292567551      0.215978369    
  0.634027004      0.282837838      0.201724991    
  0.726459503      0.298243225      0.215471059    
  0.736189187      0.299864858      0.214625344    
  0.745918870      0.301486492      0.212962762    
  0.755648613      0.303108096      0.210059583    
  0.505299985      0.800000012       2.72236802E-02
  0.430833340      0.800000012       2.72236802E-02
  0.579766631      0.800000012       2.72236802E-02
  0.765378356      0.304729730      0.205586284    
 -0.418828368       0.00000000       2.72236802E-02
 -0.382354319       0.00000000       2.72236802E-02
 -0.337376416       0.00000000       2.72236802E-02
  0.554944456      0.800000012       2.72236802E-02
  0.331544459      0.800000012       2.72236802E-02
 -0.312789261       0.00000000       2.72236802E-02
 -0.291790307       0.00000000       2.72236802E-02
  0.381188869      0.800000012       2.72236802E-02
 -0.301875949       0.00000000       2.72236802E-02
  0.281899989      0.800000012       2.72236802E-02
  0.306722224      0.800000012       2.72236802E-02
  0.232255548      0.800000012       2.72236802E-02
 -0.351203203       0.00000000       2.72236802E-02
 -0.265895307       0.00000000       2.72236802E-02
  0.157788903      0.800000012       2.72236802E-02
  0.207433343      0.800000012       2.72236802E-02
   8.33222196E-02  0.800000012       2.72236802E-02
  0.132966667      0.800000012       2.72236802E-02
   5.84999993E-02  0.800000012       2.72236802E-02
   8.85555614E-03  0.800000012       2.72236802E-02
  -1.59666669E-02  0.800000012       2.72236802E-02
  -9.04333293E-02  0.800000012       2.72236802E-02
  0.203465283       3.59090269E-02   5.58988079E-02
 -0.140077770      0.800000012       2.72236802E-02
  0.182611108      0.800000012       2.72236802E-02
   3.36777791E-02  0.800000012       2.72236802E-02
 -0.115255557      0.800000012       2.72236802E-02
  0.992500007      0.204080343      0.162472576    
 -0.164900005      0.800000012       2.72236802E-02
  0.992573142      0.310000002       8.95614922E-02
  0.652639270      0.180441141      0.113767579    
  0.799475610      0.310000002      0.234324113    
  0.987500012      0.204133928      0.164336443    
 -0.239650026       0.00000000       2.72236802E-02
 -0.251739800       0.00000000       2.72236988E-02
  0.982500017      0.204187512      0.166280150    
  0.987621963      0.310000002       8.86109173E-02
  0.661930382      0.184104428      0.113770597    
  0.967499971      0.204348207      0.170622885    
  0.977500021      0.204241067      0.168072745    
  0.977719545      0.310000002       8.75364840E-02
 -0.273855805       0.00000000       2.72236988E-02
  0.952499986      0.204508930      0.171014383    
  0.872500002      0.205366075      0.125905663    
  0.937500000      0.204669654      0.165719017    
  0.762499988      0.206544638       4.00850810E-02
  0.877499998      0.205312490      0.127524003    
  0.962865829      0.310000002       8.84724110E-02
  0.722500026      0.206973225       7.13676438E-02
  0.671221495      0.187767714      0.113774493    
  0.947499990      0.204562500      0.169985190    
  0.699094951      0.198757589      0.113928415    
  0.804426849      0.310000002      0.249830425    
  0.912500024      0.204937488      0.147966295    
   1.22569446E-02   2.16319435E-03   4.64921668E-02
  0.942499995      0.204616070      0.168220371    
  0.737500012      0.206812501       3.99903692E-02
 -0.214544445      0.800000012       2.72236802E-02
  0.747500002      0.206705362       3.67229618E-02
  0.952963412      0.310000002       9.07773897E-02
  0.742500007      0.206758916       3.75378840E-02
  0.757499993      0.206598222       3.81303877E-02
  0.767499983      0.206491083       4.30191495E-02
  0.957914650      0.310000002       8.94539058E-02
  0.777499974      0.206383929       5.16760387E-02
  0.922500014      0.204830348      0.155554160    
  0.703740478      0.200589240      0.114040270    
  0.713031650      0.204252541      0.114085704    
  0.694449365      0.196925953      0.113857538    
  0.685158253      0.193262666      0.113793224    
  0.675867081      0.189599365      0.113777235    
  0.917500019      0.204883933      0.151797876    
  0.666575968      0.185936078      0.113772310    
  0.657284796      0.182272792      0.113768846    
  0.647993684      0.178609490      0.113765009    
  0.638702512      0.174946204      0.113760501    
  0.629411399      0.171282917      0.113754384    
  0.606183529      0.162124693      0.113737479    
  0.792500019      0.206223220       6.98082820E-02
  0.892499983      0.205151796      0.134157613    
  0.752499998      0.206651777       3.69565450E-02
  0.807500005      0.206062496       8.95496756E-02
  0.817499995      0.205955356      0.100474410    
  0.832499981      0.205794632      0.111887649    
  0.842499971      0.205687493      0.116796747    
  0.857500017      0.205526799      0.121691719    
  0.867500007      0.205419630      0.124396272    
  0.882499993      0.205258936      0.129358932    
  0.907500029      0.204991072      0.144192532    
  0.932500005      0.204723209      0.162634164    
  0.772499979      0.206437498       4.68730181E-02
  0.787500024      0.206276774       6.33140802E-02
  0.708386064      0.202420890      0.114166208    
  0.689803779      0.195094302      0.113815159    
  0.680512667      0.191431016      0.113782354    
  0.822499990      0.205901772      0.105027452    
  0.887499988      0.205205351      0.131540433    
  0.837499976      0.205741078      0.114514641    
  0.257077783      0.800000012       2.72236802E-02
 -0.264188886      0.800000012       2.72236802E-02
  0.582955718      0.152966455      0.113714665    
  0.569018960      0.147471517      0.113698810    
  0.555082262      0.141976580      0.113681212    
  0.541145563      0.136481643      0.113660187    
  0.531854451      0.132818356      0.113643318    
  0.522563279      0.129155070      0.113626257    
  0.508626580      0.123660132      0.113597877    
  0.499335408      0.119996831      0.113576658    
  0.490044296      0.116333544      0.113552727    
  0.480753183      0.112670258      0.113526076    
  0.527208865      0.130986705      0.113634698    
  0.471462011      0.109006956      0.113498166    
  0.624765813      0.169451267      0.113751642    
  0.494689882      0.118165195      0.113565899    
  0.485398740      0.114501894      0.113539413    
  0.476107597      0.110838607      0.113512725    
  0.448234171       9.98487324E-02  0.113415495    
  0.620120287      0.167619616      0.113748625    
  0.782500029      0.206330359       5.72084934E-02
  0.610829115      0.163956329      0.113741308    
  0.425006330       9.06905085E-02  0.113274194    
  0.420360744       8.88588578E-02  0.113222517    
  0.415715188       8.70272145E-02  0.113172047    
  0.824231744      0.310000002      0.229527548    
  0.908402443      0.310000002      0.115241900    
  0.858890235      0.310000002      0.171731368    
  0.848987818      0.310000002      0.187242314    
  0.913353682      0.310000002      0.111290827    
  0.863841474      0.310000002      0.164451420    
  0.943060994      0.310000002       9.40481871E-02
  0.933158517      0.310000002       9.85024720E-02
  0.918304861      0.310000002      0.107768327    
  0.893548787      0.310000002      0.128305838    
  0.883646369      0.310000002      0.137899175    
  0.868792653      0.310000002      0.157878801    
  0.844036579      0.310000002      0.195248693    
  0.839085340      0.310000002      0.203661621    
  0.834134161      0.310000002      0.212350637    
  0.819280505      0.310000002      0.237706676    
  0.401778460       8.15322846E-02  0.112816446    
  0.619432449      0.280405402      0.156365797    
  0.638891935      0.283648640      0.207289204    
  0.648621619      0.285270274      0.212576181    
  0.658351302      0.286891878      0.214618504    
  0.668081045      0.288513511      0.215448961    
  0.677810788      0.290135145      0.215800017    
  0.789702654      0.308783770      0.191397756    
  0.784837842      0.307972968      0.192783564    
  0.779972970      0.307162166      0.195959255    
  0.775108099      0.306351364      0.199430853    
  0.770243287      0.305540532      0.202712432    
  0.687540531      0.291756749      0.215951145    
  0.760513544      0.303918928      0.208033502    
  0.587601244      0.154798105      0.113719895    
  0.750783801      0.302297294      0.211691752    
  0.697270274      0.293378383      0.215995401    
  0.592246830      0.156629741      0.113724247    
  0.711864829      0.295810819      0.215933949    
  0.741054058      0.300675690      0.213921845    
 -0.313833326      0.800000012       2.72236802E-02
  0.721594572      0.297432423      0.215696245    
  0.731324315      0.299054056      0.215126544    
  0.596892416      0.158461392      0.113729373    
  0.573664546      0.149303168      0.113703974    
  0.545791149      0.138313293      0.113667861    
  0.387841761       7.60373473E-02  0.111966178    
 -0.388300002      0.800000012       2.72236802E-02
  0.550436735      0.140144944      0.113675214    
  0.438943028       9.61854458E-02  0.113376237    
  0.373905063       7.05424100E-02  0.108075529    
  0.378550649       7.23740458E-02  0.109906860    
  0.369259477       6.87107593E-02  0.104595892    
  0.359968364       6.50474727E-02   9.16859359E-02
  0.429651916       9.25221518E-02  0.113317758    
  0.517917752      0.127323419      0.113618091    
  0.462170899      0.105343670      0.113469452    
  0.513272166      0.125491768      0.113608308    
  0.629162192      0.282027036      0.192971796    
 -0.413122237      0.800000012       2.72236802E-02
   2.45138886E-03   4.32638888E-04   3.68681662E-02
 -0.437944442      0.800000012       2.72236802E-02
 -0.258538604       0.00000000       2.72236802E-02
  0.383196205       7.42056966E-02  0.111144036    
  0.536499977      0.134649992      0.113651790    
  0.277006954       4.88881916E-02   5.59191033E-02
  0.252493054       4.45618033E-02   5.59132062E-02
  0.291715264       5.14840260E-02   5.59223443E-02
  0.350548625       6.18673638E-02   5.89869097E-02
  0.267201394       4.71576378E-02   5.59168383E-02
  0.198562503       3.50437500E-02   5.58970496E-02
  0.218173608       3.85048613E-02   5.59040867E-02
  0.242687494       4.28312495E-02   5.59108593E-02
  0.223076388       3.93701419E-02   5.59055880E-02
  0.183854163       3.24479192E-02   5.58916852E-02
  0.306423604       5.40798604E-02   5.59252575E-02
  0.227979168       4.02354151E-02   5.59069738E-02
  0.213270828       3.76395807E-02   5.59023395E-02
  0.335840285       5.92715293E-02   5.59438802E-02
  0.321131945       5.66756949E-02   5.59279285E-02
   4.16736081E-02   7.35486113E-03   5.46559729E-02
   4.65763882E-02   8.22013896E-03   5.47389239E-02
   2.20624991E-02   3.89374979E-03   5.12463190E-02
   7.35416636E-03   1.29791663E-03   4.24770974E-02
   3.18680555E-02   5.62430546E-03   5.34375384E-02
   8.57986063E-02   1.51423607E-02   5.57196178E-02
  0.139729172       2.46604159E-02   5.58678769E-02
  0.110312499       1.94687508E-02   5.58369420E-02
   7.10902810E-02   1.25465281E-02   5.55423722E-02
  0.169145837       2.98520830E-02   5.58853820E-02
   5.63819446E-02   9.95069370E-03   5.52503504E-02
   9.56041664E-02   1.68729164E-02   5.57901524E-02
  0.125020832       2.20645834E-02   5.58584183E-02
  0.154437497       2.72562504E-02   5.58771715E-02
  0.134826392       2.37951390E-02   5.58650345E-02
  0.129923612       2.29298621E-02   5.58620840E-02
  0.108144447      0.800000012       2.72236802E-02
 -0.189722210      0.800000012       2.72236802E-02
 -0.245456651       0.00000000       2.72236802E-02
 -0.229241103       0.00000000       2.72236876E-02
  -8.13434869E-02   0.00000000       2.72236746E-02
 -0.219380915       0.00000000       2.72236988E-02
 -0.175011739       0.00000000       2.72237100E-02
  -7.14836717E-02   0.00000000       2.72236634E-02
  -4.68341261E-02   0.00000000       2.72236746E-02
  -8.62733871E-02   0.00000000       2.72236746E-02
 -0.135572463       0.00000000       2.72236876E-02
 -0.120782748       0.00000000       2.72236802E-02
 -0.184871554       0.00000000       2.72236988E-02
 -0.194731370       0.00000000       2.72237174E-02
 -0.189801455       0.00000000       2.72237174E-02
  -5.17640337E-02   0.00000000       2.72236932E-02
 -0.140502378       0.00000000       2.72236746E-02
  -3.69743109E-02   0.00000000       2.72236802E-02
 -0.160222024       0.00000000       2.72236634E-02
  -9.61332023E-02   0.00000000       2.72236988E-02
  -9.12033021E-02   0.00000000       2.72236988E-02
 -0.209521085       0.00000000       2.72236988E-02
  -7.39486236E-03   0.00000000       2.72965245E-02
  -4.19042185E-02   0.00000000       2.72236746E-02
  -5.66939451E-02   0.00000000       2.72236802E-02
  -2.21845862E-02   0.00000000       2.72237100E-02
 -0.110922933       0.00000000       2.72236802E-02
 -0.145432293       0.00000000       2.72236746E-02
 -0.224310815       0.00000000       2.72237100E-02
  0.982670724      0.310000002       8.78988951E-02
   7.59930536E-02   1.34118050E-02   5.56372628E-02
  0.897499979      0.205098212      0.137178615    
  0.120118052       2.11993046E-02   5.58531843E-02
  0.802500010      0.206116080       8.33706260E-02
  0.105409727       1.86034720E-02   5.58249429E-02
  0.829182923      0.310000002      0.221055046    
  0.902499974      0.205044642      0.140565217    
 -0.282469571       0.00000000       2.72236802E-02
  0.397132933       7.97006339E-02  0.112793095    
  0.164243057       2.89868042E-02   5.58829270E-02
  0.559727848      0.143808231      0.113687113    
 -0.462766647      0.800000012       2.72236802E-02
  0.178951383       3.15826386E-02   5.58899306E-02
 -0.170081824       0.00000000       2.72237100E-02
  0.232881948       4.11006957E-02   5.59083074E-02
  0.193659723       3.41784731E-02   5.58953360E-02
  0.634056926      0.173114553      0.113757901    
  0.732500017      0.206866071       4.42869626E-02
  0.794567585      0.309594601      0.196103245    
  0.237784728       4.19659726E-02   5.59095591E-02
  0.927500010      0.204776794      0.159229413    
  0.604588866      0.800000012       2.72236802E-02
  -2.46495404E-03   0.00000000       2.79375240E-02
  0.247590274       4.36965302E-02   5.59119955E-02
  0.852500021      0.205580354      0.120267943    
  0.997524381      0.310000002       9.06495377E-02
  0.878695130      0.310000002      0.143549889    
 -0.474351704       0.00000000       2.72236802E-02
  0.257395834       4.54270840E-02   5.59144765E-02
  0.702135086      0.294189185      0.216000542    
  -1.72546785E-02   0.00000000       2.72239558E-02
  0.972768307      0.310000002       8.74807909E-02
 -0.125712663       0.00000000       2.72236802E-02
  0.262298614       4.62923609E-02   5.59157096E-02
  0.443588614       9.80170891E-02  0.113407500    
  0.208368063       3.67743075E-02   5.59005998E-02
  0.928207278      0.310000002      0.100984268    
 -0.487588882      0.800000012       2.72236802E-02
  0.406424046       8.33639205E-02  0.113001600    
 -0.289011121      0.800000012       2.72236802E-02
  0.853939056      0.310000002      0.179394543    
 -0.150362194       0.00000000       2.72236876E-02
  0.972500026      0.204294652      0.169568896    
 -0.204591185       0.00000000       2.72236932E-02
  0.957499981      0.204455346      0.171391621    
 -0.363477767      0.800000012       2.72236802E-02
 -0.130642563       0.00000000       2.72236802E-02
 -0.214451015       0.00000000       2.72236988E-02
  0.827499986      0.205848217      0.108787343    
  0.717677236      0.206084177      0.112790078    
  0.272104174       4.80229184E-02   5.59179448E-02
  0.847500026      0.205633938      0.118669547    
 -0.399872482       0.00000000       2.72236802E-02
 -0.457967162       0.00000000       2.72236802E-02
  0.578310132      0.151134819      0.113708809    
  0.797500014      0.206169635       7.66157135E-02
  -6.65537566E-02   0.00000000       2.72236802E-02
  0.707000017      0.295000017      0.215981334    
  0.997500002      0.204026788      0.160790592    
  0.281909734       4.97534722E-02   5.59202805E-02
 -0.179941654       0.00000000       2.72237100E-02
  0.466816455      0.107175320      0.113484479    
  0.643348098      0.176777840      0.113762654    
 -0.234283805       0.00000000       2.72236932E-02
  0.286812484       5.06187528E-02   5.59213422E-02
 -0.199661285       0.00000000       2.72237230E-02
  0.503980994      0.121828482      0.113587871    
  0.296618044       5.23493066E-02   5.59233464E-02
  0.301520824       5.32145835E-02   5.59243225E-02
  0.967817068      0.310000002       8.78051370E-02
 -0.101063117       0.00000000       2.72236932E-02
  0.727500021      0.206919640       5.26309647E-02
  0.564373434      0.145639867      0.113692679    
 -0.366164804       0.00000000       2.72236802E-02
  0.311326385       5.49451411E-02   5.59262261E-02
  0.316229165       5.58104143E-02   5.59270419E-02
  0.938109756      0.310000002       9.60257798E-02
  0.326034725       5.75409718E-02   5.59291691E-02
  0.601537943      0.160293043      0.113734163    
  0.330937505       5.84062487E-02   5.59317321E-02
   5.14791682E-02   9.08541679E-03   5.50963730E-02
 -0.155292109       0.00000000       2.72236802E-02
  0.340743065       6.01368025E-02   5.60172759E-02
  -7.64135718E-02   0.00000000       2.72236690E-02
  0.345645845       6.10020831E-02   5.64489625E-02
 -0.338655561      0.800000012       2.72236802E-02
  0.411069632       8.51955712E-02  0.113125734    
  0.406011105      0.800000012       2.72236802E-02
  0.434297472       9.43537951E-02  0.113358527    
  0.923256099      0.310000002      0.104564779    
  0.888597548      0.310000002      0.132879272    
 -0.105993025       0.00000000       2.72236932E-02
  0.392487347       7.78689831E-02  0.112488613    
 -0.239366665      0.800000012       2.72236802E-02
  0.962499976      0.204401791      0.171201512    
   1.71597227E-02   3.02847219E-03   5.02610765E-02
  0.809378028      0.310000002      0.251910776    
  0.355322778       6.32158220E-02   8.37424845E-02
  0.356366664      0.800000012       2.72236802E-02
   2.69652791E-02   4.75902762E-03   5.30872419E-02
   3.67708355E-02   6.48958329E-03   5.44110797E-02
 -0.491384506       0.00000000       2.72236802E-02
  0.452879727      0.101680383      0.113441139    
  -6.16238527E-02   0.00000000       2.72236578E-02
  0.812500000      0.206008941       9.55939293E-02
   6.12847209E-02   1.08159725E-02   5.54816984E-02
  0.862500012      0.205473214      0.123072319    
   6.61875010E-02   1.16812494E-02   5.55897430E-02
  0.814329267      0.310000002      0.246594012    
  -2.71144956E-02   0.00000000       2.72236336E-02
  0.144631952       2.55256947E-02   5.58727309E-02
 -0.165151924       0.00000000       2.72236690E-02
