   1.02982968E-02  -2.06924342E-05  0.943685174    
   1.02040814E-02  0.300000012      0.944170594    
   3.08947861E-02  -9.66614898E-05  0.943686604    
   3.06122452E-02  0.300000012      0.944170237    
   5.14909849E-02  -2.33222003E-04  0.943849027    
   5.10204062E-02  0.300000012      0.944166124    
   7.20868334E-02  -4.14771930E-04  0.944090307    
   7.14285672E-02  0.300000012      0.944156587    
   9.26823914E-02  -6.28269860E-04  0.944382429    
   9.18367356E-02  0.300000012      0.944140077    
  0.113277733      -8.62316927E-04  0.944712698    
  0.112244904      0.300000012      0.944113851    
  0.133872971      -1.10649853E-03  0.945075750    
  0.132653058      0.300000012      0.944074273    
  0.154468179      -1.35086523E-03  0.945470154    
  0.153061226      0.300000012      0.944017649    
  0.175063521      -1.58547610E-03  0.945897698    
  0.173469394      0.300000012      0.943938971    
  0.195659071      -1.79994281E-03  0.946362734    
  0.193877548      0.300000012      0.943832994    
  0.216254920      -1.98291405E-03  0.946871996    
  0.214285716      0.300000012      0.943693697    
  0.236851111      -2.12142430E-03  0.947435200    
  0.234693885      0.300000012      0.943514585    
  0.257447600      -2.19998928E-03  0.948066175    
  0.255102038      0.300000012      0.943289042    
  0.278044194      -2.19924096E-03  0.948782980    
  0.275510192      0.300000012      0.943010151    
  0.298640460      -2.09371583E-03  0.949610353    
  0.295918375      0.300000012      0.942670763    
  0.319235474      -1.84795167E-03  0.950581849    
  0.316326529      0.300000012      0.942264676    
  0.339827061      -1.40891178E-03  0.951742291    
  0.336734712      0.300000012      0.941787064    
  0.360410213      -6.89162407E-04  0.953150094    
  0.357142866      0.300000012      0.941234887    
  0.380966187       5.37220272E-04  0.954956949    
  0.377551019      0.300000012      0.940608561    
  0.401428521       2.75771250E-03  0.956650496    
  0.397959173      0.300000012      0.939917386    
  0.421642631       6.55565178E-03  0.956476510    
  0.418367356      0.300000012      0.939182818    
  0.441333681       1.24345273E-02  0.952428639    
  0.438775510      0.300000012      0.938440442    
  0.460428715       2.01058723E-02  0.938641131    
  0.459183693      0.300000012      0.937740445    
  0.479787558       2.68448424E-02  0.908513784    
  0.479591846      0.300000012      0.937129259    
  0.500000000       2.94313785E-02  0.890420973    
  0.500000000      0.300000012      0.936629713    
  0.520212412       2.68448405E-02  0.890638709    
  0.520408154      0.300000012      0.936262727    
  0.539571285       2.01058723E-02  0.903798223    
  0.540816307      0.300000012      0.936042845    
  0.558666348       1.24345273E-02  0.927769482    
  0.561224461      0.300000012      0.935995221    
  0.578357339       6.55565131E-03  0.941159308    
  0.581632674      0.300000012      0.936129630    
  0.598571539       2.75771227E-03  0.945668280    
  0.602040827      0.300000012      0.936412156    
  0.619033813       5.37220098E-04  0.946673334    
  0.622448981      0.300000012      0.936788142    
  0.639589787      -6.89162523E-04  0.946049154    
  0.642857134      0.300000012      0.937204003    
  0.660172939      -1.40891189E-03  0.945130765    
  0.663265288      0.300000012      0.937619448    
  0.680764556      -1.84795167E-03  0.944385767    
  0.683673501      0.300000012      0.938009202    
  0.701359510      -2.09371583E-03  0.943753004    
  0.704081655      0.300000012      0.938358366    
  0.721955776      -2.19924096E-03  0.943201363    
  0.724489808      0.300000012      0.938659787    
  0.742552400      -2.19998928E-03  0.942710638    
  0.744897962      0.300000012      0.938911974    
  0.763148904      -2.12142430E-03  0.942266703    
  0.765306115      0.300000012      0.939116776    
  0.783745110      -1.98291405E-03  0.941859663    
  0.785714269      0.300000012      0.939277887    
  0.804340959      -1.79994281E-03  0.941482961    
  0.806122422      0.300000012      0.939400256    
  0.824936509      -1.58547610E-03  0.941131711    
  0.826530635      0.300000012      0.939488947    
  0.845531821      -1.35086523E-03  0.940803468    
  0.846938789      0.300000012      0.939549029    
  0.866127014      -1.10649853E-03  0.940497160    
  0.867346942      0.300000012      0.939585626    
  0.886722207      -8.62316927E-04  0.940213501    
  0.887755096      0.300000012      0.939602911    
  0.907317579      -6.28269860E-04  0.939954877    
  0.908163249      0.300000012      0.939605057    
  0.927913189      -4.14771930E-04  0.939726591    
  0.928571463      0.300000012      0.939595640    
  0.948509037      -2.33222003E-04  0.939537585    
  0.948979616      0.300000012      0.939577818    
  0.969105244      -9.66614898E-05  0.939402044    
  0.969387770      0.300000012      0.939553857    
  0.989701688      -2.06924342E-05  0.939343274    
  0.989795923      0.300000012      0.939526141    
