  0.221564025      -2.96869464E-02  0.963056624    
  0.956889629     -0.641972184      0.440560311    
  0.667246461     -0.240282044      0.925988793    
  0.382872939      0.233850300      0.742448449    
  0.707261384     -0.284501076      0.902618349    
  0.415948778      -6.53084964E-02  0.966591954    
  0.310707808      -3.64926308E-02  0.966301560    
  0.281094372      -3.30664590E-02  0.963015318    
  0.952136993     -0.484520853      0.301432699    
  0.511763453      0.183868423      0.687892556    
   1.08825485E-03   1.16965072E-02  0.990520120    
  0.838470578     -0.219718426      0.334130645    
  0.359320730      -4.67309430E-02  0.966365099    
  0.494513005      0.193746537      0.692523241    
  0.998179913     -0.615320563      0.318246305    
  0.682170630       3.35500129E-02  0.519997954    
  0.720297635     -0.299509585      0.895022750    
  0.476948202      0.203051269      0.695453584    
  0.984051943     -0.568092525      0.302782536    
   3.35956253E-02  -3.39027457E-02  0.980339825    
  0.669617653       4.89637554E-02  0.535533369    
   1.33632319E-02   4.90845665E-02  0.938599825    
   2.35506594E-02   6.61365092E-02  0.925677240    
  0.656641066       6.40229061E-02  0.549223363    
   6.81219622E-02  0.119452149      0.903834879    
  0.264190614      0.230523005      0.803573668    
  0.458946466      0.211475521      0.702579916    
  0.283799231      0.233756602      0.793786347    
   3.52889895E-02   8.21698308E-02  0.916758955    
  0.244861662      0.225908533      0.815579057    
  0.303563476      0.235861018      0.787239492    
  0.622567534      0.100184068      0.586542606    
  0.592981219      0.126725554      0.628101408    
  0.643343389       7.87992328E-02  0.562759459    
  0.528675079      0.173421711      0.680491447    
  0.561482668      0.150976181      0.660911441    
  0.816817880     -0.425815105      0.827289224    
  0.740348279      -4.70023155E-02  0.446103275    
  0.102481686      -3.57882828E-02  0.953591943    
  0.782436609     -0.114462711      0.396584004    
  0.694379091       1.78613793E-02  0.505470276    
  0.829763293     -0.201847211      0.340007842    
  0.799714208     -0.401391476      0.839015365    
  0.811230540     -0.417594880      0.830780149    
  0.761700988      -8.05401951E-02  0.421849936    
  0.855539203     -0.255626798      0.328287721    
  0.904013038     -0.364603817      0.316078037    
  0.949514866     -0.635760188      0.528819203    
  0.938826799     -0.619041800      0.606785178    
  0.872122526     -0.291762590      0.325569332    
  0.984620512     -0.640300751      0.419516534    
  0.933839202     -0.610443830      0.627057791    
  0.943912208     -0.627581358      0.579236269    
  0.729271293      -3.04952152E-02  0.461926848    
  0.772178292      -9.74347442E-02  0.410839617    
  0.608038545      0.113748893      0.607389688    
  0.820802689     -0.184102029      0.350358069    
  0.577407241      0.139077276      0.648444116    
  0.847095132     -0.237629876      0.331664890    
  0.734846354      -3.87243032E-02  0.454490006    
  0.688311934       2.57345773E-02  0.512583733    
  0.723641932      -2.23031491E-02  0.469243973    
  0.756421924      -7.21180961E-02  0.426676780    
  0.863860488     -0.273681104      0.327170640    
  0.663174927       5.65324724E-02  0.543079853    
  0.766957581      -8.89763534E-02  0.416777879    
  0.675945938       4.12991941E-02  0.527421892    
  0.777343571     -0.105926998      0.403999150    
  0.545267403      0.162474543      0.672131717    
  0.636537373       8.60428438E-02  0.570653856    
  0.650036633       7.14511648E-02  0.555360973    
  0.629614532       9.31748897E-02  0.578422785    
  0.615376472      0.107045025      0.596565843    
  0.787450731     -0.123045057      0.389331520    
  0.825323582     -0.192954123      0.344748139    
  0.834137321     -0.210772902      0.336467862    
  0.585254073      0.132976532      0.638670623    
  0.600572467      0.120309949      0.617474973    
  0.842790842     -0.228670344      0.332896411    
  0.851348341     -0.246613681      0.329782575    
  0.859700680     -0.264653563      0.327561170    
  0.569477081      0.145069778      0.655567825    
  0.553419709      0.156788617      0.666195989    
  0.827776790     -0.442400575      0.808339834    
  0.868007779     -0.282714427      0.326508075    
  0.537013531      0.168012053      0.677222610    
  0.520263076      0.178716257      0.683817446    
  0.485779285      0.198491246      0.693281293    
  0.503173828      0.188869536      0.690741062    
  0.822287440     -0.434114516      0.821024179    
  0.928868890     -0.601835966      0.643986881    
  0.468004882      0.207386509      0.698989332    
  0.913833201     -0.576085091      0.688544810    
  0.726755857     -0.307065427      0.891802728    
  0.713792801     -0.291993797      0.898821235    
  0.449771404      0.215294838      0.706070602    
  0.764054418     -0.353593051      0.867678523    
  0.694065809     -0.269632816      0.908770800    
  0.421602458      0.225037068      0.718417525    
  0.412036180      0.227731675      0.723764062    
  0.833437800     -0.450569481      0.794057727    
  0.876205802     -0.300824970      0.324802071    
  0.892278910     -0.337190300      0.320828527    
  0.271182328      -3.23265269E-02  0.963070333    
  0.211624771      -2.96756253E-02  0.962495923    
  0.320510745      -3.81291211E-02  0.966845453    
  0.373020858      0.235154033      0.749469221    
  0.896223426     -0.346313953      0.319810092    
  0.392669946      0.232186511      0.734602749    
  0.353214800      0.236792415      0.762768149    
  0.333344162      0.237198621      0.774954438    
  0.313478678      0.236547083      0.783397794    
  0.900141716     -0.355448902      0.318318009    
  0.343282580      0.237139806      0.769279361    
  0.323407412      0.236995652      0.779302299    
  0.293667853      0.234934837      0.790907502    
  0.273968160      0.232300520      0.797403038    
  0.922965288     -0.410547256      0.310754508    
  0.926665545     -0.419772685      0.309104145    
  0.254484594      0.228390545      0.809619963    
  0.363130987      0.236132503      0.756115377    
  0.687394023     -0.262264848      0.912969410    
  0.923896790     -0.593229055      0.657861173    
  0.757958770     -0.345741749      0.873867631    
  0.908710659     -0.567566931      0.698707402    
  0.225879401      0.220021009      0.825311422    
  0.216525942      0.216661438      0.830933452    
  0.880267978     -0.309896857      0.324179083    
  0.948580444     -0.475239038      0.302434415    
  0.235325918      0.223109007      0.820520997    
  0.877478182     -0.516761780      0.752539277    
  0.882767677     -0.525177360      0.744029760    
  0.189056590      0.205083579      0.844981134    
  0.930333078     -0.429011166      0.307683766    
   9.25900266E-02  -3.67654078E-02  0.951578200    
   6.12987280E-02  0.112224743      0.906064451    
   4.15502340E-02   8.98882300E-02  0.913811505    
  0.162472516      0.191590264      0.855192780    
  0.145278722      0.181617677      0.861604154    
   8.21725279E-02  0.133512080      0.895098269    
  0.198113441      0.209176868      0.840865195    
   8.94397721E-02  0.140291840      0.890069246    
  0.104548670      0.153203338      0.879685998    
   9.68951657E-02  0.146863580      0.884676397    
   4.79964763E-02   9.74533707E-02  0.911192656    
   7.27734491E-02  -3.82914767E-02  0.952048838    
   9.00066830E-03   4.01599109E-02  0.950613737    
  0.866794825     -0.499996901      0.767236769    
  0.745703578     -0.330089211      0.882754445    
  0.996867120     -0.605667949      0.326941878    
   5.57864551E-03  -7.33778859E-03   1.01110768    
   1.05963424E-02  -1.58644505E-02   1.01217401    
  0.207269847      0.213041902      0.836052835    
  0.872156382     -0.508366644      0.760113478    
  0.153817743      0.186703742      0.859075427    
  0.136858836      0.176336676      0.864918470    
   7.50733465E-02  0.126556143      0.899736524    
  0.112390414      0.159309059      0.876492858    
   2.92648301E-02   7.42658824E-02  0.920488298    
   8.26912224E-02  -3.76612023E-02  0.951401830    
   1.82301626E-02   5.77457175E-02  0.932160676    
   5.29200472E-02  -3.80490273E-02  0.960052729    
   2.19982723E-03   1.93918578E-03   1.00563228    
   6.28400743E-02  -3.84900793E-02  0.954687536    
  0.987244129     -0.577496350      0.293979049    
  0.349660397      -4.43927534E-02  0.966454804    
  0.805515051     -0.409462959      0.834337652    
   2.36944039E-03   2.14753784E-02  0.972968876    
  0.751856744     -0.337895393      0.879185438    
   1.70135256E-02  -2.33824961E-02   1.00494993    
   5.24484040E-03   3.09667848E-02  0.960153222    
  0.839206338     -0.458664119      0.787458122    
  0.504026532     -0.111110032      0.956991315    
  0.991695166     -0.633543491      0.407240987    
  0.844900966     -0.466810405      0.786609411    
  0.512455225     -0.116378546      0.954780161    
  0.616598725     -0.192632928      0.936331570    
  0.973485470     -0.540207982      0.301787913    
  0.609004915     -0.186219633      0.938028932    
  0.638951778     -0.212367415      0.930687726    
  0.570056438     -0.155360267      0.945665419    
  0.577986836     -0.161352396      0.943990529    
  0.745766103      -5.53356782E-02  0.438406914    
  0.452091634      -8.18353593E-02  0.964874327    
  0.460917830      -8.64062607E-02  0.963149607    
  0.980526924     -0.558798909      0.302435607    
  0.562062204     -0.149453580      0.947495222    
  0.782130301     -0.377308339      0.855336726    
  0.977006257     -0.549503446      0.301897079    
  0.402393073      0.230134934      0.727753818    
   5.45885339E-02  0.104892157      0.908604562    
  0.171235427      0.196280271      0.851887941    
  0.330263793      -4.00403067E-02  0.967990637    
  0.431087971      0.222070917      0.713788211    
  0.112382248      -3.49113122E-02  0.956504166    
  0.339973122      -4.21665758E-02  0.967774451    
  0.122295484      -3.41882184E-02  0.958258092    
  0.792394638     -0.131668091      0.382815689    
  0.120400980      0.165191844      0.871964037    
  0.884306431     -0.318979323      0.323274493    
  0.751116157      -6.37128130E-02  0.432036221    
  0.142130911      -3.28625031E-02  0.958234727    
  0.770139098     -0.361452937      0.862808168    
  0.712169886      -6.06833166E-03  0.485315382    
  0.537590861     -0.132420868      0.949866712    
  0.941331267     -0.456728399      0.305789113    
  0.180097789      0.200779647      0.848643363    
  0.933989584     -0.438254058      0.306638271    
  0.368918598      -4.93096709E-02  0.967753708    
  0.152048081      -3.21913809E-02  0.958491385    
  0.171890885      -3.09846289E-02  0.959754765    
  0.478394032      -9.58795995E-02  0.960577250    
  0.443197608      -7.73982555E-02  0.966468275    
  0.653381348     -0.226038292      0.929368138    
  0.788023591     -0.385312617      0.850782633    
  0.631568789     -0.205712378      0.932663262    
  0.601350188     -0.179879040      0.939942181    
  0.425131112      -6.91119060E-02  0.966585696    
  0.290992051      -3.39719132E-02  0.964117646    
  0.793877125     -0.393346041      0.845026731    
  0.966145873     -0.644969165      0.392397225    
  0.646236420     -0.219129294      0.929616511    
  0.915423512     -0.392153829      0.313292116    
  0.261267185      -3.16262171E-02  0.964303136    
  0.700376391       9.93478019E-03  0.498948365    
  0.888310075     -0.328077197      0.322037816    
  0.959265769     -0.503078401      0.301799774    
  0.201686442      -2.98294257E-02  0.961410344    
  0.776171148     -0.369353056      0.859125495    
  0.806851447     -0.157747954      0.365985185    
  0.898437560     -0.550547361      0.719362497    
  0.797278047     -0.140325546      0.376866460    
  0.440481871      0.218826517      0.709808230    
  0.911624551     -0.382968575      0.313708484    
  0.733148813     -0.314676404      0.887733996    
  0.855957270     -0.483331144      0.780172110    
  0.128562495      0.170863688      0.868243635    
  0.966403604     -0.521632493      0.301993072    
  0.680713356     -0.254904836      0.918247819    
  0.397327244      -5.83572686E-02  0.966686964    
   4.31022197E-02  -3.66508998E-02  0.968971848    
  0.487019718     -0.100817934      0.959931910    
  0.469686985      -9.10857916E-02  0.961620390    
  0.660378695     -0.233096942      0.928198457    
  0.861395359     -0.491651475      0.774101436    
  0.231500864      -2.98989303E-02  0.964157820    
  0.937655449     -0.447493196      0.306338847    
  0.624119103     -0.199132159      0.934786916    
  0.553998351     -0.143642426      0.948943198    
   2.47608926E-02  -2.94936728E-02  0.993127286    
  0.434215367      -7.31436834E-02  0.967247784    
  0.181818664      -3.04978937E-02  0.960450113    
  0.300865352      -3.51118110E-02  0.965217829    
  0.944983482     -0.465972930      0.304297060    
  0.717948556      -1.41555918E-02  0.477290690    
  0.816203952     -0.175290108      0.357658625    
  0.993456364     -0.596348286      0.318547875    
  0.850469589     -0.475043595      0.784664929    
  0.975802422     -0.644412875      0.413408011    
  0.529253840     -0.127008855      0.950799704    
  0.132213533      -3.35304700E-02  0.958433867    
  0.378442019      -5.21532968E-02  0.967947066    
  0.888033330     -0.533607841      0.735262692    
  0.918896914     -0.584638238      0.679425895    
  0.191750765      -3.01099531E-02  0.961026967    
  0.990131915     -0.586998105      0.296731889    
  0.593635798     -0.173611164      0.941548407    
  0.919215202     -0.401342064      0.312335670    
  0.962839842     -0.512353420      0.302007794    
  0.161967546      -3.15559357E-02  0.959076941    
  0.251351923      -3.09278816E-02  0.965053797    
  0.739467502     -0.322349191      0.885515153    
  0.406677961      -6.17259368E-02  0.966627061    
  0.700693846     -0.277040064      0.905678689    
  0.903574944     -0.559056640      0.709721684    
  0.545845091     -0.137957871      0.949503839    
  0.907830954     -0.373781145      0.314102858    
  0.706307828       1.95877161E-03  0.492500901    
  0.802098036     -0.149018437      0.371188521    
  0.585849047     -0.167433619      0.942764521    
  0.996328354     -0.624940991      0.324368209    
  0.811549544     -0.166507363      0.361592501    
  0.893262804     -0.542060852      0.727151215    
  0.241430968      -3.03220190E-02  0.965085149    
  0.520865917     -0.121675789      0.952451348    
  0.495557547     -0.105906874      0.958778501    
  0.387910008      -5.51783368E-02  0.967152357    
  0.674012184     -0.247563556      0.922764599    
  0.955693841     -0.493802488      0.301464587    
  0.969952166     -0.530917287      0.301862597    
