  0.725093484      -2.43937708E-02  0.450182408    
  0.998516321     -0.615160942      0.228065565    
  0.518831253     -0.120388731      0.953593075    
  0.899700403     -0.354403228      0.327044100    
  0.763294816     -0.352615297      0.869039655    
  0.838758171     -0.458012104      0.788279891    
  0.216935486      0.216842651      0.821860671    
  0.510388315     -0.115078121      0.955766022    
  0.712801337     -0.290850431      0.899928510    
   1.79586746E-02   5.73871583E-02  0.926786959    
  0.648517132     -0.221272618      0.931445360    
   1.30930524E-02   4.86826897E-02  0.933417916    
  0.464706600      0.208939597      0.693476856    
  0.844485402     -0.466177821      0.790637553    
  0.730728328      -3.26238312E-02  0.442291796    
  0.173195571      -3.09071504E-02  0.963653505    
  0.961249709     -0.644174159      0.274878353    
  0.819071770     -0.429190099      0.825683951    
  0.821798563     -0.433365703      0.821187735    
  0.881769240     -0.313256890      0.331077754    
  0.506161332     -0.112431660      0.956808150    
  0.998226762     -0.610221803      0.254589528    
  0.971059561     -0.645549297      0.337923735    
   1.14717404E-03   6.12540776E-03  0.993269682    
  0.141173691      0.179101184      0.858624816    
   1.08458269E-02   4.42313626E-02  0.937090039    
   5.73535729E-03  -8.02485272E-03   1.00470817    
   1.08899884E-02  -1.65407192E-02   1.00200593    
  0.460155129      0.210977614      0.695540249    
   4.39192355E-02  -3.69445235E-02  0.962085962    
   3.40067921E-03   2.57493816E-02  0.951206148    
  0.985683799     -0.572439134      0.293640703    
  0.802034736     -0.404594541      0.838284850    
   6.77223131E-03   3.51303443E-02  0.943650067    
  0.417944431      0.226129055      0.712012172    
   6.37682155E-02  -3.85500565E-02  0.954934716    
  0.995237768     -0.600746810      0.295852929    
  0.378962278      0.234441012      0.734186947    
  0.231056988      0.221780196      0.812161028    
  0.605763197      0.115796477      0.602787733    
  0.339190751      0.237222940      0.764300883    
  0.538370609      0.167133689      0.675497472    
  0.578834057      0.137998879      0.645520627    
  0.264790982      0.230677813      0.790127695    
  0.953683972     -0.488568962      0.309384376    
   8.20823014E-02  0.133457109      0.889381647    
   9.36174393E-02  -3.66699509E-02  0.956953466    
  0.422730446      0.224727660      0.710810065    
  0.566889465      0.147007942      0.655839324    
  0.329217136      0.237168461      0.770081341    
  0.616821408      0.105720073      0.584721982    
  0.590576410      0.128728613      0.628722131    
  0.491417289      0.195468754      0.689110696    
  0.609483123      0.112474941      0.596910596    
  0.542518020      0.164364249      0.672740340    
  0.582777381      0.134945840      0.640759170    
  0.658077002       6.24001212E-02  0.538833857    
  0.713626266      -8.07113573E-03  0.469122767    
   8.86542648E-02  -3.71579155E-02  0.956122637    
  0.644776046       7.72664994E-02  0.549957693    
  0.504463375      0.188145339      0.689859450    
  0.936248422     -0.614612937      0.596157074    
  0.741808057      -4.92120087E-02  0.424333066    
  0.570887327      0.144026607      0.652861416    
  0.837753654     -0.218231320      0.324042022    
  0.768447280      -9.13711041E-02  0.393392682    
  0.683608413       3.17492448E-02  0.506810546    
  0.783927143     -0.116977692      0.367847025    
  0.844255686     -0.231705993      0.326971620    
  0.850697994     -0.245209217      0.326449245    
  0.865343690     -0.276898265      0.329939663    
  0.788934708     -0.125603750      0.360546708    
  0.946540415     -0.469943404      0.312433213    
  0.749903381      -6.17939048E-02  0.411999524    
  0.833403826     -0.209255576      0.323802203    
  0.760535240      -7.86730498E-02  0.401403606    
  0.839921236     -0.222722769      0.324921548    
  0.267854214      -3.20941508E-02  0.966155469    
  0.755234122      -7.02241063E-02  0.406159520    
  0.143331900      -3.27804200E-02  0.961841702    
  0.928180575     -0.423574805      0.314923406    
  0.950123191     -0.479251981      0.309689999    
  0.138356432      -3.31212282E-02  0.961769044    
  0.946470916     -0.631740332      0.496209770    
  0.911111593     -0.571541190      0.685951173    
  0.988681555     -0.637337327      0.426510602    
  0.716526210      -1.21284388E-02  0.464093477    
  0.701825023       8.01178254E-03  0.485863745    
  0.707761288      -3.53564974E-06  0.478131652    
  0.941271484     -0.623229980      0.557983160    
  0.776265264     -0.104127243      0.381597728    
  0.763178766      -8.29018801E-02  0.399036527    
  0.661358535       5.86447977E-02  0.535825014    
  0.771067142      -9.56146717E-02  0.389949739    
  0.793876290     -0.134267807      0.354745895    
  0.931851685     -0.432848930      0.314402193    
  0.798759043     -0.142965108      0.349519908    
  0.627543092       9.52863246E-02  0.569527090    
  0.817681193     -0.178088367      0.334340125    
  0.822274923     -0.186941698      0.330694526    
  0.943829954     -0.627510667      0.531425416    
  0.598234415      0.122338548      0.614638627    
  0.938750863     -0.618926764      0.579033613    
  0.813023329     -0.169268534      0.337145776    
  0.805957198     -0.156080961      0.342274755    
  0.704801202       4.01008688E-03  0.482115537    
  0.744524002      -5.33947051E-02  0.419772178    
  0.747221231      -5.75894415E-02  0.415619552    
  0.739070177      -4.50436696E-02  0.429096580    
  0.710703850      -4.03005583E-03  0.473793387    
  0.727916598      -2.85049155E-02  0.446144402    
  0.680507243       3.56548429E-02  0.510316789    
  0.558846951      0.152907223      0.660998762    
  0.757887363      -7.44468868E-02  0.403694898    
  0.752573490      -6.60060048E-02  0.408912003    
  0.550732255      0.158706829      0.666573226    
  0.773673892      -9.98662710E-02  0.386003554    
  0.786440194     -0.121285342      0.363961816    
  0.765816927      -8.71340483E-02  0.396390438    
  0.654780030       6.61420077E-02  0.541397810    
  0.778839231     -0.108398795      0.376951486    
  0.791412830     -0.129931599      0.357508600    
  0.641388655       8.09265673E-02  0.553023100    
  0.931258500     -0.605976582      0.623563170    
  0.648134351       7.35796764E-02  0.546793640    
  0.781393647     -0.112682037      0.372275084    
  0.620433092      0.102281168      0.579013646    
  0.796325326     -0.138612121      0.352103680    
  0.624005973       9.88018960E-02  0.573937297    
  0.631048203       9.17387828E-02  0.565772831    
  0.808324099     -0.160470635      0.340300262    
  0.815358400     -0.173675209      0.335817218    
  0.602013588      0.119084552      0.608410656    
  0.613170505      0.109117262      0.590762079    
  0.819987953     -0.182509899      0.332616121    
  0.831213117     -0.204775393      0.324619025    
  0.835582614     -0.213741571      0.323619813    
  0.594423056      0.125554696      0.621636808    
  0.933752418     -0.610295415      0.610739589    
  0.586693406      0.131857991      0.635158956    
  0.517341971      0.180531874      0.684302807    
  0.842088819     -0.227214202      0.326037139    
  0.848566115     -0.240700722      0.327143937    
  0.562876046      0.149968266      0.658489108    
  0.869496584     -0.285966814      0.330649972    
  0.863256812     -0.272368729      0.329026908    
  0.574869275      0.141024128      0.649479568    
  0.554800272      0.155821934      0.663658738    
  0.546639085      0.161555707      0.669676125    
  0.810678661     -0.164866939      0.338589162    
  0.760234714     -0.348677397      0.871772170    
  0.521586239      0.177913249      0.682024062    
  0.495781690      0.193055689      0.689537764    
  0.508779049      0.185646117      0.688823760    
  0.469229132      0.206838012      0.691811383    
  0.513072968      0.183109835      0.686800182    
  0.824522853     -0.437542975      0.814777732    
  0.903378665     -0.558733165      0.704955399    
  0.696326494     -0.272132874      0.908212602    
  0.928765535     -0.601657271      0.635246933    
  0.500129998      0.190613747      0.689965189    
  0.832947254     -0.449905425      0.791657567    
  0.482623935      0.200175852      0.689027071    
  0.905954003     -0.563003898      0.698231757    
  0.827274561     -0.441702127      0.807161450    
  0.830080986     -0.445824414      0.798447728    
  0.446323514      0.216676265      0.701504827    
  0.682932973     -0.257349253      0.915738225    
  0.796181977     -0.396517992      0.843560457    
  0.766355336     -0.356552869      0.866570890    
  0.455574214      0.212948620      0.697529793    
  0.841641307     -0.462081313      0.789318681    
  0.804943800     -0.408645302      0.836356401    
  0.487032771      0.197845042      0.688869178    
  0.652096629     -0.224745065      0.931235850    
  0.450963616      0.214849114      0.699448705    
  0.879736900     -0.308702648      0.330989063    
  0.846416771     -0.236200541      0.327414364    
  0.543950438     -0.136646181      0.951100171    
  0.427495897      0.223257974      0.709411502    
  0.897735119     -0.349819660      0.327793628    
  0.885810852     -0.322375596      0.330371469    
  0.915042043     -0.391232193      0.322052091    
  0.903593540     -0.363586277      0.324317724    
  0.913133502     -0.386624753      0.321791977    
  0.930017769     -0.428211212      0.314478487    
  0.926337481     -0.418940783      0.315757662    
  0.284477890      0.233871609      0.783879340    
  0.240586132      0.224724323      0.805900991    
  0.349161863      0.236999869      0.756562591    
  0.314267218      0.236613631      0.775884211    
  0.299346924      0.235519692      0.780332625    
  0.334203780      0.237228572      0.767383993    
  0.262879312      -3.17452326E-02  0.966617823    
  0.374014914      0.235067844      0.738338172    
  0.359121174      0.236468256      0.748092353    
  0.514610827     -0.117731780      0.954647958    
  0.523048401     -0.123050824      0.952752650    
  0.269691825      0.231600001      0.787693381    
  0.226326212      0.220202386      0.815072119    
  0.212276697      0.215063483      0.824356616    
  0.354143679      0.236774221      0.752198040    
  0.319248140      0.236859679      0.774385870    
  0.908533335     -0.567272186      0.691706598    
  0.941053510     -0.456024587      0.316020519    
  0.259908140      0.229664668      0.793119907    
  0.245383978      0.226084381      0.802773058    
  0.867424726     -0.281430453      0.330537051    
  0.369058073      0.235614330      0.741107225    
  0.383898079      0.233729243      0.730112135    
  0.942895532     -0.460659027      0.315284342    
  0.861168087     -0.267840147      0.327840775    
  0.364093065      0.236081436      0.744362950    
  0.856995583     -0.258780539      0.325761586    
  0.944726288     -0.465297967      0.313988119    
  0.294383645      0.235033974      0.781562448    
  0.344177127      0.237148046      0.761173069    
  0.309289575      0.236308098      0.777401090    
  0.790317416     -0.388449997      0.850081563    
  0.877699494     -0.304150701      0.330819011    
  0.951903224     -0.483910620      0.309232503    
  0.948337674     -0.474595428      0.310806066    
  0.655637860     -0.228256479      0.930560231    
  0.324231684      0.237045020      0.772353172    
  0.859080911     -0.263310790      0.326619089    
  0.889813542     -0.331511438      0.329172343    
  0.871558309     -0.290507793      0.330503792    
  0.956634998     -0.642367363      0.304377586    
  0.898227811     -0.550191879      0.716553211    
  0.289426982      0.234485045      0.782680452    
  0.304315865      0.235943779      0.779020905    
  0.952605367     -0.639541626      0.377864361    
  0.659142673     -0.231804267      0.929504633    
  0.911229134     -0.382015526      0.321407437    
  0.133380622      -3.34568396E-02  0.961909831    
  0.793250620     -0.392483354      0.846912622    
  0.916950524     -0.395839751      0.321866214    
  0.128404215      -3.37836444E-02  0.962091506    
  0.922622442     -0.409684241      0.318378091    
  0.799111784     -0.400553793      0.840626299    
  0.909328461     -0.377404839      0.321360171    
  0.887817085     -0.326941371      0.329739064    
  0.900805354     -0.554461241      0.711137831    
  0.883794546     -0.317814261      0.330885857    
  0.935520530     -0.442123860      0.315135419    
  0.901654363     -0.358991623      0.325793326    
  0.907426119     -0.372794747      0.321870089    
  0.933685064     -0.437486827      0.314645797    
  0.221618831      0.218556136      0.818258405    
  0.975943327     -0.644822717      0.392155170    
  0.235810429      0.223288327      0.809064269    
  0.879844785     -0.520514727      0.747380614    
  0.193892494      0.207326770      0.835482955    
  0.983945966     -0.567764997      0.301976174    
  0.918853343     -0.400449574      0.321134210    
  0.924485683     -0.414310217      0.316958368    
  0.905516446     -0.368187785      0.322910517    
   5.77690303E-02  0.108415186      0.904312074    
   6.11481182E-02  0.112082988      0.902674496    
   5.44166937E-02  0.104722925      0.905625284    
   6.45546615E-02  0.115725286      0.900865972    
   7.85025060E-02  0.129985034      0.892033815    
   4.78023142E-02   9.72575843E-02  0.908488393    
  0.171470389      0.196424782      0.846150935    
  0.175906360      0.198703527      0.844309211    
  0.180366337      0.200934917      0.842249513    
  0.136963248      0.176428646      0.860043585    
  0.189359128      0.205248564      0.837842107    
  0.162673354      0.191724688      0.849413753    
  0.184850499      0.203117251      0.840124071    
   4.13350016E-02   8.96646529E-02  0.911183894    
  0.124521226      0.168121591      0.864281714    
   3.50542068E-02   8.19169730E-02  0.913655818    
  0.104531050      0.153225303      0.873429835    
  0.100665390      0.150074720      0.875980139    
   3.19994353E-02   7.79751986E-02  0.915088594    
   1.54662300E-02   5.30682355E-02  0.929868996    
   8.73415451E-03   3.97142693E-02  0.940384626    
   3.43081877E-02  -3.43483090E-02  0.970984221    
   1.39856283E-02  -2.04424802E-02   1.00061607    
   2.97104307E-02  -3.24359536E-02  0.978082955    
   1.74289644E-02  -2.40391623E-02  0.997713208    
   2.15433165E-03   1.25532039E-03  0.998786569    
   1.18452590E-03   1.60443671E-02  0.965796232    
   2.53263935E-02  -3.00774314E-02  0.985477209    
   5.10932282E-02  0.101004668      0.906968236    
   4.45480458E-02   9.34786648E-02  0.909672201    
  0.167058915      0.194098949      0.847913682    
  0.145414263      0.181725651      0.856776834    
   3.81683931E-02   8.58120471E-02  0.912511170    
  0.120442882      0.165251538      0.865848422    
   7.49623775E-02  0.126472533      0.894603193    
  0.108444154      0.156316757      0.871222079    
  0.996611238     -0.624894440      0.260186583    
   8.57043490E-02  0.136885077      0.886536717    
   8.36873055E-02  -3.76047678E-02  0.955541849    
   9.68498141E-02  0.146863699      0.878643095    
   2.90123560E-02   7.39819407E-02  0.917123914    
   5.87826334E-02  -3.84703502E-02  0.955663919    
  0.920745134     -0.405063927      0.319882840    
   4.98209009E-03   3.04770004E-02  0.947093606    
  0.118451834      -3.44434567E-02  0.961925745    
  0.993408203     -0.596108198      0.299225301    
  0.987255275     -0.577169895      0.279144377    
   8.13679583E-03  -1.23891495E-02   1.00337255    
   3.90609838E-02  -3.58388983E-02  0.965187013    
  0.968003273     -0.525807738      0.310253561    
  0.148307383      -3.24399918E-02  0.962023795    
  0.969782174     -0.530466795      0.309776992    
  0.994671702     -0.629469037      0.355237842    
   2.09610118E-03   2.09398046E-02  0.957109511    
  0.858318567     -0.486923933      0.778149009    
   3.72073310E-03  -3.47013888E-03   1.00180137    
   2.12169886E-02  -2.72689369E-02  0.992364526    
  0.971556962     -0.535127401      0.309283227    
  0.973327994     -0.539789498      0.308795303    
  0.651467323       6.98699281E-02  0.543976307    
  0.996964335     -0.605424821      0.286561370    
   8.23282986E-04   1.10840127E-02  0.983763158    
  0.966220379     -0.521150231      0.310682863    
  0.964433610     -0.516494155      0.310977042    
  0.962643325     -0.511839449      0.311139554    
  0.855583906     -0.482753426      0.781431019    
  0.957261026     -0.497879744      0.310461164    
  0.960850000     -0.507185936      0.311137289    
  0.921277761     -0.588704467      0.663698554    
  0.959055185     -0.502532959      0.310899824    
  0.123427615      -3.41075063E-02  0.962143481    
  0.478187710      0.202454001      0.689635694    
  0.982163250     -0.563107371      0.304999292    
  0.784426928     -0.380400956      0.855086386    
  0.787377894     -0.384421289      0.852716684    
  0.168215930      -3.11800390E-02  0.963299036    
  0.163237393      -3.14724669E-02  0.962909818    
  0.722588956     -0.302166134      0.894996226    
  0.781460226     -0.376392186      0.857202947    
  0.778475583     -0.372396827      0.859092951    
  0.913680732     -0.575815618      0.680785716    
  0.672854543     -0.246291876      0.923026204    
  0.852836967     -0.478591025      0.784102559    
  0.980388999     -0.558446527      0.306283802    
  0.356389016      -4.59791198E-02  0.967620015    
  0.978624225     -0.553782105      0.307084501    
  0.183158323      -3.04300953E-02  0.964249551    
  0.178176373      -3.06564737E-02  0.963971257    
  0.747977376     -0.332938999      0.882569909    
  0.277803719      -3.27960327E-02  0.966447592    
   4.88432050E-02  -3.77150550E-02  0.958226323    
  0.744875610     -0.329033852      0.884392381    
  0.497678697     -0.107184827      0.958589673    
  0.462991267      -8.74882936E-02  0.962987840    
  0.467391431      -8.98355842E-02  0.962244332    
  0.810693622     -0.416795313      0.832891881    
  0.501926005     -0.109798491      0.957749665    
  0.203096002      -2.97874305E-02  0.965320408    
  0.351537943      -4.48223911E-02  0.967695057    
  0.242977366      -3.03876922E-02  0.967740297    
  0.807832122     -0.412710845      0.834637046    
  0.198110342      -2.99067646E-02  0.965050757    
  0.272829413      -3.24384868E-02  0.966047108    
  0.556218088     -0.145209402      0.950067639    
  0.560261428     -0.148128733      0.949400008    
  0.247955218      -3.06906123E-02  0.967766702    
  0.816316962     -0.425033003      0.828583360    
  0.801176071     -0.147327393      0.346974254    
  0.213069141      -2.96499021E-02  0.966038942    
  0.489133418     -0.102040842      0.959816515    
  0.813523412     -0.420901805      0.830915034    
  0.208082318      -2.97000203E-02  0.965720713    
  0.493415624     -0.104596883      0.959261358    
  0.692986190     -0.268429637      0.909399629    
  0.250203848      0.227364168      0.799600840    
  0.445243478      -7.83818066E-02  0.965754569    
  0.399313748      -5.90321645E-02  0.967369854    
  0.548066020     -0.139462724      0.950671136    
   7.87150264E-02  -3.79868895E-02  0.955168664    
  0.552154183     -0.142318785      0.950460196    
  0.449705034      -8.06101114E-02  0.965134680    
  0.375620425      -5.12658767E-02  0.968823195    
  0.394601911      -5.73984720E-02  0.967425883    
  0.380383044      -5.27451411E-02  0.968428254    
  0.408681601      -6.24558553E-02  0.967376173    
  0.404007554      -6.07170463E-02  0.967269361    
  0.417966694      -6.60979003E-02  0.967194378    
  0.413334966      -6.42493218E-02  0.967338324    
  0.287742943      -3.36272344E-02  0.967830896    
  0.282775462      -3.31861936E-02  0.967096627    
  0.436254323      -7.40605891E-02  0.966321886    
  0.440761030      -7.61959553E-02  0.966091394    
  0.431721032      -7.19822794E-02  0.966583550    
   8.93712342E-02  0.140264988      0.883720279    
  0.370842576      -4.98367399E-02  0.968789637    
  0.158315122      0.189300612      0.850846887    
  0.722256780      -2.02920288E-02  0.454463392    
  0.709525943     -0.287089705      0.901922166    
  0.153283283      -3.21054794E-02  0.962283909    
  0.484828770      -9.95227545E-02  0.960247576    
  0.686690092       2.78282203E-02  0.503070235    
  0.218056172      -2.96429694E-02  0.966567338    
  0.692797184       1.99423004E-02  0.496285647    
  0.824539900     -0.191384792      0.328789681    
  0.803575277     -0.151699454      0.344517797    
  0.873611450     -0.295052707      0.330451578    
  0.664620399       5.48723340E-02  0.532162607    
  0.676224947     -0.249967724      0.919673681    
  0.432239443      0.221719027      0.707725048    
  0.564287424     -0.151071951      0.948534787    
  0.480499953      -9.70464721E-02  0.960663736    
  0.949307442     -0.635837197      0.447790891    
  0.108507782      -3.52160856E-02  0.960298121    
  0.539808035     -0.133869216      0.951236546    
  0.158259884      -3.17818150E-02  0.962588131    
  0.866463006     -0.499474198      0.766603112    
  0.699650288     -0.275850952      0.907111108    
  0.706245482     -0.283333391      0.903901041    
   2.32831016E-02   6.58190250E-02  0.921296835    
  0.274608195      0.232435673      0.786151767    
  0.255045414      0.228559166      0.796378136    
  0.988593340     -0.581972241      0.266796410    
  0.436959624      0.220109910      0.705775559    
  0.719402373      -1.62026063E-02  0.459065795    
  0.850075364     -0.474438310      0.789224207    
  0.874522030     -0.512079477      0.755584180    
  0.530013025      0.172577292      0.678844988    
  0.716072440     -0.294614911      0.898094594    
  0.366045535      -4.84737642E-02  0.968487680    
  0.388819754      0.232925773      0.726302743    
   9.30855423E-02  0.143592685      0.881127119    
  0.826783299     -0.195838839      0.327287763    
  0.534200907      0.169869453      0.677480221    
  0.689752877       2.38923989E-02  0.499610007    
  0.882495403     -0.524739146      0.743003070    
  0.679582238     -0.253655523      0.917848885    
  0.128635392      0.170940071      0.862810850    
  0.113478094      -3.48078683E-02  0.961331487    
  0.875657916     -0.299600601      0.330598593    
  0.535642564     -0.131127045      0.951381743    
  0.361226916      -4.71893512E-02  0.967927992    
  0.666052938     -0.238996625      0.926662087    
  0.458577394      -8.51669088E-02  0.963676035    
  0.473722816      0.204675451      0.690574825    
  0.112402096      0.159350634      0.869259596    
  0.389874488      -5.58103509E-02  0.967661142    
  0.599759459     -0.178564429      0.941364348    
  0.611277699     -0.188112661      0.938483000    
  0.937360883     -0.446758986      0.315731019    
  0.252930820      -3.10290977E-02  0.967562497    
  0.203034192      0.211314961      0.829694390    
  0.667856753       5.10780141E-02  0.527853966    
  0.292704642      -3.41289192E-02  0.968427002    
  0.531458080     -0.128413901      0.951596379    
  0.733527124      -3.67515609E-02  0.438196361    
  0.992016315     -0.633659363      0.399830848    
  0.588100791     -0.169188336      0.943703771    
  0.916233063     -0.580100060      0.675780892    
  0.732253075     -0.313587308      0.890971422    
  0.618878245     -0.194571316      0.937068284    
  0.991531134     -0.591488600      0.290629417    
  0.336955249      -4.14778925E-02  0.969513059    
   6.79909438E-02  0.119339541      0.898876607    
   5.38038909E-02  -3.82065810E-02  0.956204236    
  0.702955365     -0.279585540      0.905727983    
  0.861042500     -0.491101444      0.774311781    
  0.427161068      -6.99631870E-02  0.966843367    
  0.580231428     -0.163060039      0.945157826    
  0.997900724     -0.620091438      0.231671557    
  0.346679807      -4.36956584E-02  0.968165696    
  0.233013943      -2.99300104E-02  0.967407942    
  0.754121959     -0.340795755      0.877823710    
  0.626400530     -0.201121062      0.935648203    
  0.893034697     -0.541676164      0.725625038    
  0.662613273     -0.235385537      0.928234398    
  0.895762205     -0.345239371      0.328170717    
  0.923778534     -0.593019247      0.655621290    
   6.87542260E-02  -3.84797119E-02  0.954762757    
  0.695823669       1.59784574E-02  0.492910355    
  0.852810502     -0.249726802      0.325775355    
  0.408315420      0.228728414      0.715003908    
  0.149684921      0.184300900      0.854680419    
  0.572291613     -0.157023191      0.946783304    
  0.317399591      -3.75524499E-02  0.969535947    
  0.671062827       4.72580865E-02  0.523011327    
  0.633855820     -0.207747027      0.933724999    
  0.741751254     -0.325146794      0.885984361    
  0.975095868     -0.544452786      0.308296412    
  0.634523988       8.81624967E-02  0.560316205    
  0.476148486      -9.46102068E-02  0.961046755    
  0.847294092     -0.470298797      0.790680528    
  0.772449851     -0.364448547      0.862447023    
  0.686283588     -0.261043191      0.913318574    
  0.891802013     -0.336084992      0.328741848    
  0.989904583     -0.586781979      0.271284252    
  0.729048848     -0.309765726      0.892143846    
  0.302607596      -3.53158191E-02  0.969106495    
  0.966108680     -0.645233512      0.291871816    
  0.877187669     -0.516294420      0.751588345    
  0.207642853      0.213220283      0.826946497    
  0.641244113     -0.214447498      0.932197511    
  0.188141376      -3.02291662E-02  0.964523613    
  0.322308421      -3.84317562E-02  0.969752073    
  0.719336271     -0.298385739      0.896476209    
  0.869159579     -0.503669381      0.762960792    
   9.85791087E-02  -3.61667499E-02  0.957945466    
  0.890414417     -0.537432909      0.729867578    
  0.279537618      0.233190551      0.785467863    
  0.403472304      0.229917228      0.717245698    
   2.61028912E-02   6.99318871E-02  0.919053495    
  0.669465363     -0.242633402      0.924842477    
  0.223043039      -2.96852738E-02  0.966909230    
  0.871846199     -0.507871032      0.759336114    
  0.441654921      0.218429446      0.703653812    
  0.454148948      -8.28734040E-02  0.964397073    
  0.385134161      -5.42610623E-02  0.968020558    
  0.769409299     -0.360495508      0.864407897    
  0.132783368      0.173708558      0.861408949    
  0.393724173      0.232023403      0.722793221    
  0.422575802      -6.80021793E-02  0.967039227    
  0.297659755      -3.46921384E-02  0.968848050    
  0.592005968     -0.172290012      0.943019152    
  0.603612185     -0.181730986      0.940407872    
  0.595891535     -0.175416321      0.942242086    
  0.607451797     -0.184913591      0.939393640    
  0.939206481     -0.451392055      0.316131294    
  0.398608685      0.231018871      0.719706237    
  0.116402447      0.162328392      0.867501020    
  0.257905126      -3.13863792E-02  0.967164099    
  0.527258694     -0.125723839      0.951981843    
  0.918764591     -0.584396958      0.670257390    
  0.584175587     -0.166112065      0.944432020    
  0.751057625     -0.336861134      0.880448580    
  0.332084775      -4.04058397E-02  0.969873965    
  0.615087390     -0.191330940      0.937735140    
  0.735438883     -0.317424208      0.889452219    
  0.677384734       3.95434424E-02  0.514060915    
  0.736309052      -4.08906564E-02  0.433799624    
  0.237996861      -3.01326104E-02  0.967585683    
  0.863757133     -0.495284975      0.770422339    
  0.198450774      0.209349662      0.832668543    
  0.885141253     -0.528966546      0.738491714    
  0.576269746     -0.160030797      0.945961058    
  0.829007030     -0.200302720      0.325953901    
   7.14593679E-02  0.122922964      0.896993577    
  0.622648954     -0.197835192      0.936436713    
  0.341818929      -4.25805114E-02  0.968932569    
  0.757178307     -0.344736576      0.874864221    
  0.984822631     -0.640470207      0.436820954    
  0.312478721      -3.67431976E-02  0.969392717    
  0.926272929     -0.597337782      0.646017611    
  0.955469847     -0.493225336      0.309898555    
  0.568297505     -0.154036865      0.947649062    
  0.471777827      -9.22084451E-02  0.961574018    
  0.738605261     -0.321277142      0.887724042    
  0.895639181     -0.545929193      0.721296668    
  0.698832750       1.20014288E-02  0.489447385    
  0.630135417     -0.204425901      0.934746504    
  0.976861000     -0.549117029      0.307743251    
  0.854907513     -0.254251570      0.325496525    
  0.228029162      -2.97807250E-02  0.967184603    
  0.327203453      -3.93847898E-02  0.969947159    
  0.775472283     -0.368415415      0.860798776    
  0.307547569      -3.59990448E-02  0.969267607    
  0.153985381      0.186826035      0.852904916    
  0.525808752      0.175259680      0.680170655    
  0.674237847       4.34122756E-02  0.518288314    
  0.980560899     -0.643027544      0.424736679    
  0.637560606     -0.211085498      0.932863474    
  0.835850239     -0.453960538      0.788273811    
  0.887781978     -0.533197165      0.734099448    
   7.37371072E-02  -3.82848606E-02  0.954897165    
  0.689636111     -0.264735311      0.911075711    
  0.103541777      -3.56737450E-02  0.959059954    
  0.413139224      0.227463171      0.713260651    
  0.637971044       8.45584869E-02  0.556264758    
  0.193125427      -3.00544724E-02  0.964786351    
  0.893784404     -0.340661198      0.328437895    
  0.725827157     -0.305958927      0.893500268    
  0.644898653     -0.217840925      0.931680501    
   2.05656532E-02   6.16379529E-02  0.923977971    
