  0.869499981      0.310000002      0.157161251    
  0.631210506      0.282368422      0.168047726    
   3.43194455E-02   6.05694437E-03   4.66790833E-02
  0.191208333       3.37458327E-02   5.56110591E-02
  0.210819453       3.72069441E-02   5.57231084E-02
  0.792263150      0.309210539      0.180839211    
  0.845000029      0.205660716      0.102420382    
  0.366762489       6.77262545E-02   8.75735432E-02
  0.161791667       2.85541676E-02   5.55520616E-02
  0.394287497       7.85787553E-02  0.104576558    
  0.754999995      0.206625000       5.61660305E-02
  0.865000010      0.205446422      0.113387123    
 -0.192266405       0.00000000       2.72236802E-02
   9.93478298E-03  0.800000012       2.72236802E-02
  0.716473699      0.296578944      0.211597338    
  0.240236104       4.23986092E-02   5.58035150E-02
  0.632837534      0.172633752      0.113491327    
 -0.358978897       0.00000000       2.72236802E-02
  0.614487529      0.165398747      0.113445289    
  0.884999990      0.205232143      0.123147577    
   6.37361109E-02   1.12486109E-02   5.20241223E-02
  0.544152141      0.800000012       2.72236802E-02
  0.715412498      0.205191255      0.119007662    
  0.917833328      0.310000002      0.122454815    
 -0.331239164       0.00000000       2.72236802E-02
  0.660362482      0.183486253      0.113604337    
  0.513562500      0.125606254      0.112979271    
  0.252760887      0.800000012       2.72236802E-02
   9.31527764E-02   1.64402779E-02   5.40129468E-02
  0.821166635      0.310000002      0.211071476    
  0.308874995       5.45125008E-02   5.58725521E-02
 -0.429488420       0.00000000       2.72236802E-02
  0.707000017      0.295000017      0.211890429    
  0.403462499       8.21962506E-02  0.106985778    
   5.84999993E-02  0.800000012       2.72236802E-02
   4.90277773E-03   8.65277776E-04   3.55043970E-02
  0.155630440      0.800000012       2.72236802E-02
   1.47083327E-02   2.59583327E-03   4.07228619E-02
  -2.46495418E-02   0.00000000       2.72272266E-02
  0.975000024      0.204267859      0.151226193    
  0.975833297      0.310000002      0.106308609    
  0.935000002      0.204696432      0.146457538    
  0.142180562       2.50930563E-02   5.54376505E-02
  0.596137524      0.158163756      0.113386467    
  0.230430558       4.06680554E-02   5.57866357E-02
 -0.202126235       0.00000000       2.72236802E-02
 -0.287313640       0.00000000       2.72236802E-02
 -0.135760874      0.800000012       2.72236802E-02
  0.669105291      0.288684189      0.206083432    
 -0.221845865       0.00000000       2.72236802E-02
  0.801833332      0.310000002      0.208267108    
  0.888833344      0.310000002      0.141352162    
 -0.281456530      0.800000012       2.72236802E-02
  0.754368424      0.302894741      0.200968683    
  0.697062492      0.197956249      0.116078563    
 -0.172546774       0.00000000       2.72236746E-02
  0.447021723      0.800000012       2.72236802E-02
 -0.475717396      0.800000012       2.72236802E-02
  0.430987507       9.30487514E-02  0.110943981    
 -0.378586948      0.800000012       2.72236802E-02
  0.824999988      0.205874994       9.31294411E-02
  0.795000017      0.206196427       7.59573504E-02
 -0.462118566       0.00000000       2.72236802E-02
  -8.71956497E-02  0.800000012       2.72236802E-02
  0.621736825      0.280789495      0.146787554    
 -0.142967343       0.00000000       2.72237230E-02
  0.349891305      0.800000012       2.72236802E-02
  0.467687488      0.107518747      0.112935223    
 -0.270032465       0.00000000       2.72236802E-02
  -5.42289913E-02   0.00000000       2.72236690E-02
  0.318680555       5.62430546E-02   5.58823124E-02
  -8.38084370E-02   0.00000000       2.72236876E-02
 -0.391458660       0.00000000       2.72236802E-02
 -0.103528067       0.00000000       2.72236876E-02
  0.782789469      0.307631582      0.182239980    
  0.814999998      0.205982149       8.77856612E-02
  0.927500010      0.310000002      0.117830805    
  0.328486115       5.79736084E-02   5.59317730E-02
  0.735000014      0.206839293       6.36483654E-02
  0.650157869      0.285526335      0.193427593    
  0.375937492       7.13437498E-02   9.73219573E-02
  0.678712487      0.190721244      0.114154093    
  0.201013893       3.54763865E-02   5.56764640E-02
  0.486037493      0.114753753      0.113087781    
  0.764999986      0.206517860       5.80822080E-02
  0.904999971      0.205017865      0.132820860    
  0.348097205       6.14347234E-02   5.82882427E-02
  0.745000005      0.206732139       5.69417141E-02
  0.357587487       6.41087517E-02   7.70521387E-02
 -0.231818467       0.00000000       2.72236802E-02
  0.642012477      0.176251248      0.113514692    
  0.773315787      0.306052625      0.188511595    
  0.774999976      0.206410706       6.19805604E-02
  0.122569442       2.16319449E-02   5.52047044E-02
   5.39305583E-02   9.51805525E-03   5.15615270E-02
  0.181402773       3.20152789E-02   5.56326285E-02
 -0.255273193       0.00000000       2.72236802E-02
  0.640684187      0.283947349      0.183456242    
  0.855000019      0.205553576      0.108877055    
  0.859833360      0.310000002      0.166424900    
  0.577787519      0.150928751      0.113296665    
  0.504387498      0.121988751      0.112979665    
  0.725000024      0.206946433       8.23653564E-02
  0.725947380      0.298157871      0.210843831    
  0.687887549      0.194338754      0.114809565    
  0.623662472      0.169016242      0.113475233    
  0.830833316      0.310000002      0.202792913    
  0.954999983      0.204482138      0.151005700    
  0.678578973      0.290263176      0.208945841    
   4.41249982E-02   7.78749958E-03   4.95882109E-02
  0.735421062      0.299736857      0.208365947    
  0.744894743      0.301315784      0.205435216    
  0.908166647      0.310000002      0.127646327    
  0.112763889       1.99013874E-02   5.50030023E-02
 -0.242667779       0.00000000       2.72236802E-02
  0.784999967      0.206303567       7.03770667E-02
 -0.307547688       0.00000000       2.72236802E-02
  -3.86304371E-02  0.800000012       2.72236802E-02
  0.965000033      0.204374999      0.151664630    
  0.171597213       3.02847214E-02   5.56330644E-02
  0.289263904       5.10513894E-02   5.58629073E-02
  0.412637502       8.58137459E-02  0.107948296    
  0.592717409      0.800000012       2.72236802E-02
  0.495212495      0.118371248      0.113100618    
  0.915000021      0.204910710      0.137448773    
 -0.123247705       0.00000000       2.72236932E-02
 -0.162686974       0.00000000       2.72237044E-02
  0.688052654      0.291842103      0.210560903    
 -0.232891321      0.800000012       2.72236802E-02
  0.850166678      0.310000002      0.176957458    
  0.458512485      0.103901252      0.112740465    
  -1.47897247E-02   0.00000000       2.72990149E-02
  -6.40888065E-02   0.00000000       2.72236392E-02
  0.586962461      0.154546246      0.113356002    
  0.879166663      0.310000002      0.148807019    
   8.33472162E-02   1.47097223E-02   5.41874841E-02
  0.925000012      0.204803571      0.142748296    
  0.946833313      0.310000002      0.111258633    
  0.531912446      0.132841259      0.113052346    
  0.151986107       2.68236101E-02   5.55519499E-02
  0.559437513      0.143693745      0.113189355    
  0.449337512      0.100283749      0.112517811    
  0.875000000      0.205339283      0.118345052    
  0.259847224       4.58597243E-02   5.58418594E-02
  0.107065216      0.800000012       2.72236802E-02
  0.385112494       7.49612451E-02  0.103731446    
  0.250041664       4.41291668E-02   5.58270365E-02
  0.541087508      0.136458755      0.113091081    
   2.45138891E-02   4.32638871E-03   4.57035936E-02
  0.522737503      0.129223749      0.113024183    
 -0.113387890       0.00000000       2.72237044E-02
  0.834999979      0.205767855       9.82231051E-02
   7.35416710E-02   1.29791666E-02   5.34236394E-02
  0.840499997      0.310000002      0.187422022    
  0.279458344       4.93208319E-02   5.58571443E-02
  0.669537544      0.187103748      0.113740079    
  0.811500013      0.310000002      0.217462718    
  0.550262451      0.140076250      0.113141626    
  0.495586962      0.800000012       2.72236802E-02
  0.966166675      0.310000002      0.106974080    
  0.269652784       4.75902781E-02   5.58532104E-02
 -0.152827144       0.00000000       2.72236876E-02
  0.440162510       9.66662467E-02  0.111921839    
  0.301326096      0.800000012       2.72236802E-02
  0.220624998       3.89375016E-02   5.57698868E-02
 -0.427152157      0.800000012       2.72236802E-02
  0.398456514      0.800000012       2.72236802E-02
  0.956499994      0.310000002      0.108796604    
  0.995000005      0.204053566      0.149770543    
  0.659631610      0.287105262      0.201573461    
 -0.133107513       0.00000000       2.72237100E-02
 -0.182406604       0.00000000       2.72236746E-02
  0.706237555      0.201573759      0.118198425    
 -0.330021739      0.800000012       2.72236802E-02
 -0.184326082      0.800000012       2.72236802E-02
  0.937166691      0.310000002      0.114138462    
  -4.92990809E-03   0.00000000       2.78280191E-02
  0.102958336       1.81708336E-02   5.47225624E-02
  0.299069434       5.27819470E-02   5.58703206E-02
  0.421812505       8.94312561E-02  0.110543445    
  -4.43691723E-02   0.00000000       2.72237100E-02
  0.995166659      0.310000002      0.106039152    
  0.697526336      0.293421030      0.211685687    
  0.763842106      0.304473698      0.195189372    
  0.651187539      0.179868758      0.113547519    
  0.204195648      0.800000012       2.72236802E-02
  -9.36682522E-02   0.00000000       2.72236988E-02
  0.605312467      0.161781251      0.113424256    
  0.985000014      0.204160720      0.150739416    
  0.944999993      0.204589278      0.149537429    
  0.894999981      0.205125004      0.128430143    
  0.898499966      0.310000002      0.133902907    
  -7.39486217E-02   0.00000000       2.72236746E-02
  0.568612456      0.147311240      0.113247164    
 -0.211986050       0.00000000       2.72236802E-02
  0.805000007      0.206089288       8.19753110E-02
  0.985499978      0.310000002      0.105922252    
  0.338291675       5.97041659E-02   5.62628582E-02
  -3.45093571E-02   0.00000000       2.72241049E-02
  0.132375002       2.33624987E-02   5.54288253E-02
  0.476862490      0.111136250      0.113150492    
 -0.487118542       0.00000000       2.72236802E-02
