   3.38668609E-03  -2.37491736E-06  0.940555036    
   3.35570471E-03  0.300000012      0.941431642    
   1.01600662E-02  -1.15997982E-05  0.940529466    
   1.00671146E-02  0.300000012      0.941431344    
   1.69334430E-02  -2.93891553E-05  0.940547705    
   1.67785231E-02  0.300000012      0.941430628    
   2.37067975E-02  -5.50033001E-05  0.940588236    
   2.34899335E-02  0.300000012      0.941429377    
   3.04801278E-02  -8.77613929E-05  0.940644026    
   3.02013420E-02  0.300000012      0.941427767    
   3.72534171E-02  -1.27033360E-04  0.940711558    
   3.69127505E-02  0.300000012      0.941425622    
   4.40266654E-02  -1.72233471E-04  0.940788329    
   4.36241627E-02  0.300000012      0.941422999    
   5.07998839E-02  -2.22814240E-04  0.940872788    
   5.03355712E-02  0.300000012      0.941419661    
   5.75730465E-02  -2.78261548E-04  0.940963805    
   5.70469797E-02  0.300000012      0.941416025    
   6.43461794E-02  -3.38090584E-04  0.941060305    
   6.37583882E-02  0.300000012      0.941411436    
   7.11192861E-02  -4.01841535E-04  0.941161871    
   7.04697967E-02  0.300000012      0.941406190    
   7.78923556E-02  -4.69076535E-04  0.941267610    
   7.71812052E-02  0.300000012      0.941400170    
   8.46653953E-02  -5.39376633E-04  0.941377401    
   8.38926136E-02  0.300000012      0.941393137    
   9.14384052E-02  -6.12339121E-04  0.941490948    
   9.06040296E-02  0.300000012      0.941385031    
   9.82113928E-02  -6.87574851E-04  0.941608012    
   9.73154381E-02  0.300000012      0.941375673    
  0.104984351      -7.64706230E-04  0.941728175    
  0.104026847      0.300000012      0.941365063    
  0.111757293      -8.43365211E-04  0.941851556    
  0.110738255      0.300000012      0.941353083    
  0.118530229      -9.23191314E-04  0.941977918    
  0.117449664      0.300000012      0.941339552    
  0.125303149      -1.00382953E-03  0.942107260    
  0.124161072      0.300000012      0.941324353    
  0.132076070      -1.08492887E-03  0.942239881    
  0.130872488      0.300000012      0.941307187    
  0.138848990      -1.16614019E-03  0.942375600    
  0.137583882      0.300000012      0.941288233    
  0.145621896      -1.24711567E-03  0.942514181    
  0.144295305      0.300000012      0.941267073    
  0.152394831      -1.32750568E-03  0.942656100    
  0.151006699      0.300000012      0.941243589    
  0.159167767      -1.40695809E-03  0.942801297    
  0.157718122      0.300000012      0.941217661    
  0.165940717      -1.48511596E-03  0.942950368    
  0.164429531      0.300000012      0.941188931    
  0.172713697      -1.56161643E-03  0.943103075    
  0.171140939      0.300000012      0.941157460    
  0.179486677      -1.63608813E-03  0.943259776    
  0.177852362      0.300000012      0.941122830    
  0.186259687      -1.70814979E-03  0.943420649    
  0.184563756      0.300000012      0.941085160    
  0.193032742      -1.77740771E-03  0.943586171    
  0.191275179      0.300000012      0.941043973    
  0.199805826      -1.84345373E-03  0.943756223    
  0.197986573      0.300000012      0.940999091    
  0.206578940      -1.90586247E-03  0.943931341    
  0.204697996      0.300000012      0.940950334    
  0.213352084      -1.96418841E-03  0.944112360    
  0.211409390      0.300000012      0.940897584    
  0.220125273      -2.01796368E-03  0.944299281    
  0.218120813      0.300000012      0.940840662    
  0.226898491      -2.06669280E-03  0.944492638    
  0.224832207      0.300000012      0.940779328    
  0.233671755      -2.10985122E-03  0.944693327    
  0.231543630      0.300000012      0.940713227    
  0.240445063      -2.14687781E-03  0.944901586    
  0.238255024      0.300000012      0.940642595    
  0.247218400      -2.17717234E-03  0.945118487    
  0.244966447      0.300000012      0.940566957    
  0.253991783      -2.20008707E-03  0.945344567    
  0.251677841      0.300000012      0.940485775    
  0.260765135      -2.21492117E-03  0.945580423    
  0.258389264      0.300000012      0.940399468    
  0.267538548      -2.22091237E-03  0.945827723    
  0.265100658      0.300000012      0.940307736    
  0.274311960      -2.21722573E-03  0.946087182    
  0.271812081      0.300000012      0.940210402    
  0.281085312      -2.20294250E-03  0.946360052    
  0.278523505      0.300000012      0.940107167    
  0.287858665      -2.17704591E-03  0.946648180    
  0.285234898      0.300000012      0.939997971    
  0.294631958      -2.13840301E-03  0.946953058    
  0.291946292      0.300000012      0.939883173    
  0.301405191      -2.08574347E-03  0.947276354    
  0.298657715      0.300000012      0.939762354    
  0.308178246      -2.01763259E-03  0.947620630    
  0.305369139      0.300000012      0.939635336    
  0.314951062      -1.93243660E-03  0.947988331    
  0.312080532      0.300000012      0.939502656    
  0.321723670      -1.82828016E-03  0.948382437    
  0.318791926      0.300000012      0.939364016    
  0.328495890      -1.70299073E-03  0.948806584    
  0.325503349      0.300000012      0.939219594    
  0.335267633      -1.55402324E-03  0.949265063    
  0.332214773      0.300000012      0.939069688    
  0.342038751      -1.37836346E-03  0.949762940    
  0.338926196      0.300000012      0.938914359    
  0.348809004      -1.17239193E-03  0.950306356    
  0.345637590      0.300000012      0.938753903    
  0.355578065      -9.31697548E-04  0.950903535    
  0.352348983      0.300000012      0.938588679    
  0.362345606      -6.50804956E-04  0.951564848    
  0.359060407      0.300000012      0.938419104    
  0.369111001      -3.22774227E-04  0.952304482    
  0.365771830      0.300000012      0.938245714    
  0.375873119       6.56947013E-05  0.953164220    
  0.372483224      0.300000012      0.938068807    
  0.382629156       5.45961375E-04  0.954129994    
  0.379194617      0.300000012      0.937889397    
  0.389375329       1.14802085E-03  0.954845726    
  0.385906041      0.300000012      0.937707961    
  0.396107733       1.88742066E-03  0.955365717    
  0.392617464      0.300000012      0.937525690    
  0.402821362       2.78025446E-03  0.955697298    
  0.399328858      0.300000012      0.937343240    
  0.409509718       3.84479947E-03  0.955807149    
  0.406040251      0.300000012      0.937161744    
  0.416164458       5.10140974E-03  0.955628157    
  0.412751675      0.300000012      0.936982095    
  0.422774971       6.57192757E-03  0.955051005    
  0.419463098      0.300000012      0.936805546    
  0.429328322       8.27807467E-03  0.953910887    
  0.426174492      0.300000012      0.936633229    
  0.435810030       1.02380412E-02  0.951954186    
  0.432885885      0.300000012      0.936466336    
  0.442206562       1.24600930E-02  0.948791265    
  0.439597309      0.300000012      0.936306417    
  0.448511124       1.49318948E-02  0.943852186    
  0.446308732      0.300000012      0.936154127    
  0.454733700       1.76053308E-02  0.936372995    
  0.453020155      0.300000012      0.936011076    
  0.460912704       2.03798097E-02  0.925546229    
  0.459731549      0.300000012      0.935878098    
  0.467117846       2.30934545E-02  0.911107779    
  0.466442943      0.300000012      0.935756326    
  0.473429888       2.55391523E-02  0.894482970    
  0.473154366      0.300000012      0.935646355    
  0.479899168       2.75179297E-02  0.879324496    
  0.479865789      0.300000012      0.935549021    
  0.486518264       2.89079063E-02  0.869382620    
  0.486577183      0.300000012      0.935464501    
  0.493237197       2.96950676E-02  0.865550935    
  0.493288577      0.300000012      0.935393393    
  0.500000000       2.99428329E-02  0.865930915    
  0.500000000      0.300000012      0.935336232    
  0.506762743       2.96950676E-02  0.867493868    
  0.506711364      0.300000012      0.935293436    
  0.513481736       2.89079063E-02  0.869920850    
  0.513422847      0.300000012      0.935265124    
  0.520100832       2.75179297E-02  0.875083387    
  0.520134211      0.300000012      0.935251176    
  0.526570082       2.55391523E-02  0.883696139    
  0.526845634      0.300000012      0.935251534    
  0.532882154       2.30934545E-02  0.895370543    
  0.533557057      0.300000012      0.935266137    
  0.539087296       2.03798097E-02  0.908476651    
  0.540268421      0.300000012      0.935294926    
  0.545266271       1.76053308E-02  0.920774579    
  0.546979904      0.300000012      0.935337603    
  0.551488876       1.49318948E-02  0.930701971    
  0.553691268      0.300000012      0.935393393    
  0.557793498       1.24600921E-02  0.937917471    
  0.560402691      0.300000012      0.935461938    
  0.564190030       1.02380402E-02  0.942850351    
  0.567114115      0.300000012      0.935542345    
  0.570671678       8.27807374E-03  0.946108758    
  0.573825479      0.300000012      0.935633719    
  0.577225089       6.57192711E-03  0.948203862    
  0.580536962      0.300000012      0.935735285    
  0.583835542       5.10140928E-03  0.949499905    
  0.587248325      0.300000012      0.935845673    
  0.590490282       3.84479901E-03  0.950255454    
  0.593959689      0.300000012      0.935963929    
  0.597178698       2.78025400E-03  0.950628817    
  0.600671172      0.300000012      0.936088860    
  0.603892326       1.88742043E-03  0.950720370    
  0.607382536      0.300000012      0.936219633    
  0.610624671       1.14802062E-03  0.950593531    
  0.614093959      0.300000012      0.936354756    
  0.617370844       5.45961200E-04  0.950285256    
  0.620805383      0.300000012      0.936492860    
  0.624126911       6.56945776E-05  0.949802637    
  0.627516747      0.300000012      0.936633408    
  0.630888999      -3.22774285E-04  0.949091554    
  0.634228230      0.300000012      0.936775148    
  0.637654424      -6.50804956E-04  0.948444664    
  0.640939593      0.300000012      0.936916888    
  0.644421935      -9.31697548E-04  0.947891653    
  0.647650957      0.300000012      0.937058210    
  0.651190996      -1.17239193E-03  0.947397470    
  0.654362440      0.300000012      0.937198102    
  0.657961249      -1.37836358E-03  0.946949124    
  0.661073804      0.300000012      0.937335789    
  0.664732337      -1.55402336E-03  0.946538508    
  0.667785287      0.300000012      0.937471032    
  0.671504140      -1.70299085E-03  0.946159422    
  0.674496651      0.300000012      0.937602937    
  0.678276300      -1.82828016E-03  0.945807755    
  0.681208014      0.300000012      0.937731206    
  0.685048938      -1.93243660E-03  0.945480108    
  0.687919497      0.300000012      0.937855482    
  0.691821814      -2.01763259E-03  0.945173204    
  0.694630861      0.300000012      0.937975347    
  0.698594809      -2.08574347E-03  0.944884896    
  0.701342285      0.300000012      0.938090622    
  0.705368042      -2.13840301E-03  0.944612920    
  0.708053708      0.300000012      0.938201368    
  0.712141335      -2.17704591E-03  0.944355428    
  0.714765072      0.300000012      0.938306868    
  0.718914688      -2.20294250E-03  0.944111288    
  0.721476555      0.300000012      0.938407540    
  0.725688100      -2.21722573E-03  0.943879068    
  0.728187919      0.300000012      0.938503087    
  0.732461452      -2.22091237E-03  0.943657219    
  0.734899282      0.300000012      0.938593507    
  0.739234865      -2.21492117E-03  0.943445027    
  0.741610765      0.300000012      0.938679039    
  0.746008217      -2.20008707E-03  0.943241656    
  0.748322129      0.300000012      0.938759625    
  0.752781570      -2.17717234E-03  0.943046153    
  0.755033553      0.300000012      0.938835084    
  0.759554923      -2.14687781E-03  0.942858040    
  0.761744976      0.300000012      0.938905656    
  0.766328216      -2.10985122E-03  0.942676663    
  0.768456340      0.300000012      0.938971579    
  0.773101509      -2.06669280E-03  0.942501485    
  0.775167823      0.300000012      0.939032853    
  0.779874682      -2.01796368E-03  0.942332029    
  0.781879187      0.300000012      0.939089715    
  0.786647916      -1.96418841E-03  0.942167819    
  0.788590610      0.300000012      0.939142346    
  0.793421030      -1.90586224E-03  0.942008555    
  0.795302033      0.300000012      0.939190805    
  0.800194144      -1.84345362E-03  0.941853940    
  0.802013397      0.300000012      0.939235270    
  0.806967258      -1.77740771E-03  0.941703260    
  0.808724880      0.300000012      0.939275980    
  0.813740313      -1.70814979E-03  0.941556752    
  0.815436244      0.300000012      0.939313054    
  0.820513308      -1.63608813E-03  0.941414297    
  0.822147608      0.300000012      0.939346611    
  0.827286303      -1.56161643E-03  0.941275418    
  0.828859091      0.300000012      0.939376771    
  0.834059298      -1.48511596E-03  0.941140115    
  0.835570455      0.300000012      0.939403772    
  0.840832233      -1.40695809E-03  0.941008151    
  0.842281878      0.300000012      0.939427972    
  0.847605228      -1.32750568E-03  0.940879464    
  0.848993301      0.300000012      0.939449370    
  0.854378104      -1.24711567E-03  0.940754175    
  0.855704665      0.300000012      0.939468205    
  0.861150980      -1.16614019E-03  0.940631807    
  0.862416148      0.300000012      0.939484417    
  0.867923975      -1.08492887E-03  0.940512776    
  0.869127512      0.300000012      0.939498544    
  0.874696851      -1.00382953E-03  0.940396726    
  0.875838876      0.300000012      0.939510465    
  0.881469727      -9.23191314E-04  0.940284073    
  0.882550359      0.300000012      0.939520478    
  0.888242722      -8.43365211E-04  0.940174997    
  0.889261723      0.300000012      0.939528584    
  0.895015597      -7.64706172E-04  0.940069020    
  0.895973206      0.300000012      0.939535081    
  0.901788592      -6.87574793E-04  0.939966977    
  0.902684569      0.300000012      0.939539850    
  0.908561587      -6.12339121E-04  0.939868987    
  0.909395933      0.300000012      0.939543366    
  0.915334582      -5.39376633E-04  0.939775050    
  0.916107416      0.300000012      0.939545393    
  0.922107697      -4.69076505E-04  0.939685941    
  0.922818780      0.300000012      0.939546347    
  0.928880692      -4.01841535E-04  0.939602017    
  0.929530203      0.300000012      0.939546049    
  0.935653806      -3.38090584E-04  0.939523816    
  0.936241627      0.300000012      0.939544797    
  0.942426920      -2.78261548E-04  0.939452469    
  0.942952991      0.300000012      0.939542711    
  0.949200153      -2.22814240E-04  0.939388692    
  0.949664474      0.300000012      0.939539850    
  0.955973327      -1.72233471E-04  0.939333677    
  0.956375837      0.300000012      0.939536333    
  0.962746620      -1.27033360E-04  0.939289033    
  0.963087201      0.300000012      0.939532101    
  0.969519854      -8.77613929E-05  0.939257264    
  0.969798684      0.300000012      0.939527452    
  0.976293206      -5.50033001E-05  0.939240873    
  0.976510048      0.300000012      0.939522505    
  0.983066559      -2.93891553E-05  0.939244509    
  0.983221471      0.300000012      0.939516962    
  0.989839911      -1.15997982E-05  0.939274251    
  0.989932895      0.300000012      0.939511359    
  0.996613324      -2.37491736E-06  0.939339280    
  0.996644258      0.300000012      0.939505398    
