 -0.412926018       0.00000000       2.72236802E-02
  0.417225003       8.76225010E-02  0.109485120    
   4.90277782E-02   8.65277741E-03   4.77402359E-02
   8.82499963E-02   1.55749992E-02   5.23236021E-02
  0.898500025      0.310000002      0.122220822    
  0.477375001      0.800000012       2.72236802E-02
  0.186305553       3.28805558E-02   5.56439981E-02
  0.733999968      0.299499989      0.213811621    
  0.582374990      0.152737498      0.113255747    
  0.284361124       5.01861125E-02   5.57882823E-02
  0.384291649      0.800000012       2.72236802E-02
  0.323583335       5.71083352E-02   5.58241978E-02
 -0.348557353       0.00000000       2.72236802E-02
  0.198125005      0.800000012       2.72236802E-02
  -8.11249986E-02  0.800000012       2.72236802E-02
 -0.266278118       0.00000000       2.72236802E-02
  0.750000000      0.206678569       4.61456105E-02
  0.789999962      0.206249997       7.20282048E-02
  0.710825026      0.203382492      0.115098327    
  0.829999983      0.205821425      0.100164041    
  0.870000005      0.205392867      0.118273489    
  0.909999967      0.204964280      0.143213436    
  0.949999988      0.204535723      0.157225356    
  0.655775011      0.181677490      0.113378018    
  0.619075000      0.167207509      0.113343783    
  0.972318172      0.310000002       9.97261256E-02
  0.564024985      0.145502508      0.113247424    
 -0.174208343      0.800000012       2.72236802E-02
  0.769999981      0.206464291       5.74734882E-02
  0.674125016      0.188912511      0.113378100    
  0.889999986      0.205178574      0.129570067    
  0.930000007      0.204750001      0.153686643    
  0.637425005      0.174442500      0.113373332    
 -0.301167637       0.00000000       2.72236802E-02
   9.80555546E-03   1.73055555E-03   3.75935994E-02
  0.291208327      0.800000012       2.72236802E-02
  0.850000024      0.205607146      0.109408431    
  0.810000002      0.206035703       8.70472342E-02
  0.692475021      0.196147501      0.113414019    
  0.343194425       6.05694428E-02   5.58402762E-02
  0.545674980      0.138267502      0.113216750    
  0.508974969      0.123797506      0.113100380    
  0.490624994      0.116562501      0.112902530    
  0.245138884       4.32638898E-02   5.57539426E-02
  0.225527778       3.98027748E-02   5.57341203E-02
  0.205916673       3.63416672E-02   5.57024404E-02
  0.303972214       5.36472201E-02   5.58066145E-02
  0.264750004       4.67249975E-02   5.57705909E-02
   2.94166654E-02   5.19166654E-03   4.42469493E-02
  0.166694432       2.94194445E-02   5.55185340E-02
  0.107861117       1.90361105E-02   5.36485165E-02
   6.86388910E-02   1.21138887E-02   5.05599305E-02
  0.953863621      0.310000002      0.102150373    
  0.472274989      0.109327495      0.112499923    
  0.806227267      0.310000002      0.223005682    
  0.453925014      0.102092505      0.111806497    
 -0.267291665      0.800000012       2.72236802E-02
  0.435575008       9.48574990E-02  0.110798053    
  0.824681818      0.310000002      0.202568591    
  0.843136370      0.310000002      0.176759392    
  0.625999987      0.281499982      0.155980095    
  0.861590922      0.310000002      0.153883442    
  0.643999994      0.284500003      0.186914474    
  0.935409069      0.310000002      0.106670313    
  0.880045474      0.310000002      0.137666553    
  0.662000000      0.287500024      0.203166991    
  0.380524993       7.31524974E-02   9.81730670E-02
  0.716000021      0.296499997      0.213556752    
  0.751999974      0.302500010      0.214161843    
  0.970000029      0.204321429      0.154898584    
   1.19583327E-02  0.800000012       2.72236802E-02
  0.769999981      0.305500001      0.213668525    
 -0.181826621       0.00000000       2.72236802E-02
  -2.87094656E-02   0.00000000       2.72236802E-02
 -0.143547326       0.00000000       2.72236802E-02
  -8.61283988E-02   0.00000000       2.72236802E-02
 -0.200966254       0.00000000       2.72236802E-02
 -0.220105901       0.00000000       2.72236802E-02
 -0.360374987      0.800000012       2.72236802E-02
 -0.240579665       0.00000000       2.72236802E-02
  0.600724995      0.159972489      0.113300122    
  0.105041668      0.800000012       2.72236802E-02
  -4.78491113E-02   0.00000000       2.72236802E-02
 -0.162686974       0.00000000       2.72236802E-02
  0.787999988      0.308499992      0.191636145    
 -0.474999994       0.00000000       2.72236802E-02
 -0.124407679       0.00000000       2.72236802E-02
  0.362174988       6.59174994E-02   8.11935887E-02
  -9.56982188E-03   0.00000000       2.72236802E-02
  0.730000019      0.206892848       4.20789532E-02
  0.916954517      0.310000002      0.115395457    
 -0.453458339      0.800000012       2.72236802E-02
  0.147083342       2.59583332E-02   5.52414693E-02
  0.698000014      0.293500006      0.212978154    
  0.990000010      0.204107136      0.150771424    
  0.990772724      0.310000002      0.100122496    
  -6.69887513E-02   0.00000000       2.72236802E-02
  0.570458293      0.800000012       2.72236802E-02
  0.527324975      0.131032497      0.113143452    
  0.680000007      0.290499985      0.210331142    
  0.398874998       8.03875029E-02  0.107166752    
  0.127472222       2.24972218E-02   5.48155233E-02
 -0.105268039       0.00000000       2.72236802E-02
