  0.221564025      -2.96869464E-02  0.965098798    
  0.956889629     -0.641972184      0.269741654    
  0.667246461     -0.240282044      0.925163507    
  0.382872939      0.233850300      0.734958053    
  0.707261384     -0.284501076      0.903478205    
  0.415948778      -6.53084964E-02  0.966495156    
  0.310707808      -3.64926308E-02  0.967893243    
  0.281094372      -3.30664590E-02  0.965943456    
  0.952136993     -0.484520853      0.315213233    
  0.511763453      0.183868423      0.693949938    
   1.08825485E-03   1.16965072E-02  0.972439706    
  0.838470578     -0.219718426      0.321111649    
  0.359320730      -4.67309430E-02  0.968532681    
  0.494513005      0.193746537      0.701070607    
  0.998179913     -0.615320563      0.173417538    
  0.682170630       3.35500129E-02  0.511508882    
  0.720297635     -0.299509585      0.898346663    
  0.476948202      0.203051269      0.699764013    
  0.984051943     -0.568092525      0.319468051    
   3.35956253E-02  -3.39027457E-02  0.973132908    
  0.669617653       4.89637554E-02  0.532600343    
   1.33632319E-02   4.90845665E-02  0.934794724    
   2.35506594E-02   6.61365092E-02  0.920665324    
  0.656641066       6.40229061E-02  0.552769065    
   6.81219622E-02  0.119452149      0.898542762    
  0.264190614      0.230523005      0.796530604    
  0.458946466      0.211475521      0.704550445    
  0.283799231      0.233756602      0.790231824    
   3.52889895E-02   8.21698308E-02  0.912828267    
  0.244861662      0.225908533      0.807498097    
  0.303563476      0.235861018      0.784047604    
  0.622567534      0.100184068      0.580078125    
  0.592981219      0.126725554      0.624235630    
  0.643343389       7.87992328E-02  0.561663806    
  0.528675079      0.173421711      0.686177850    
  0.561482668      0.150976181      0.666114509    
  0.816817880     -0.425815105      0.829976678    
  0.740348279      -4.70023155E-02  0.416806996    
  0.102481686      -3.57882828E-02  0.961642861    
  0.782436609     -0.114462711      0.351309001    
  0.694379091       1.78613793E-02  0.499900788    
  0.829763293     -0.201847211      0.320289403    
  0.799714208     -0.401391476      0.843355894    
  0.811230540     -0.417594880      0.835500181    
  0.761700988      -8.05401951E-02  0.381683141    
  0.855539203     -0.255626798      0.329130262    
  0.904013038     -0.364603817      0.327735901    
  0.949514866     -0.635760188      0.430202425    
  0.938826799     -0.619041800      0.594109654    
  0.872122526     -0.291762590      0.334276706    
  0.984620512     -0.640300751      0.487181067    
  0.933839202     -0.610443830      0.625488997    
  0.943912208     -0.627581358      0.548520267    
  0.729271293      -3.04952152E-02  0.438690364    
  0.772178292      -9.74347442E-02  0.369328767    
  0.608038545      0.113748893      0.601432681    
  0.820802689     -0.184102029      0.322318584    
  0.577407241      0.139077276      0.649731874    
  0.847095132     -0.237629876      0.328911424    
  0.734846354      -3.87243032E-02  0.429762721    
  0.688311934       2.57345773E-02  0.503259599    
  0.723641932      -2.23031491E-02  0.448860228    
  0.756421924      -7.21180961E-02  0.386827171    
  0.863860488     -0.273681104      0.333364815    
  0.663174927       5.65324724E-02  0.545521200    
  0.766957581      -8.89763534E-02  0.376400888    
  0.675945938       4.12991941E-02  0.519847155    
  0.777343571     -0.105926998      0.360733867    
  0.545267403      0.162474543      0.675646603    
  0.636537373       8.60428438E-02  0.568950653    
  0.650036633       7.14511648E-02  0.556174934    
  0.629614532       9.31748897E-02  0.576908112    
  0.615376472      0.107045025      0.588699996    
  0.787450731     -0.123045057      0.342693299    
  0.825323582     -0.192954123      0.320763528    
  0.834137321     -0.210772902      0.320851237    
  0.585254073      0.132976532      0.637112796    
  0.600572467      0.120309949      0.612023771    
  0.842790842     -0.228670344      0.325058162    
  0.851348341     -0.246613681      0.329518259    
  0.859700680     -0.264653563      0.330715358    
  0.569477081      0.145069778      0.659685671    
  0.553419709      0.156788617      0.669846952    
  0.827776790     -0.442400575      0.805709124    
  0.868007779     -0.282714427      0.334584504    
  0.537013531      0.168012053      0.682955861    
  0.520263076      0.178716257      0.688789666    
  0.485779285      0.198491246      0.700131655    
  0.503173828      0.188869536      0.697873116    
  0.822287440     -0.434114516      0.820344329    
  0.928868890     -0.601835966      0.649748743    
  0.468004882      0.207386509      0.702245116    
  0.913833201     -0.576085091      0.690154016    
  0.726755857     -0.307065427      0.896128297    
  0.713792801     -0.291993797      0.901052713    
  0.449771404      0.215294838      0.705677569    
  0.764054418     -0.353593051      0.871075869    
  0.694065809     -0.269632816      0.909280896    
  0.421602458      0.225037068      0.715957284    
  0.412036180      0.227731675      0.722200274    
  0.833437800     -0.450569481      0.795382082    
  0.876205802     -0.300824970      0.334370941    
  0.892278910     -0.337190300      0.332665652    
  0.271182328      -3.23265269E-02  0.965774775    
  0.211624771      -2.96756253E-02  0.965655923    
  0.320510745      -3.81291211E-02  0.967784226    
  0.373020858      0.235154033      0.741827846    
  0.896223426     -0.346313953      0.332179904    
  0.392669946      0.232186511      0.727441907    
  0.353214800      0.236792415      0.754909158    
  0.333344162      0.237198621      0.769788325    
  0.313478678      0.236547083      0.779706597    
  0.900141716     -0.355448902      0.331254661    
  0.343282580      0.237139806      0.762421846    
  0.323407412      0.236995652      0.774893403    
  0.293667853      0.234934837      0.788427591    
  0.273968160      0.232300520      0.791474223    
  0.922965288     -0.410547256      0.323379487    
  0.926665545     -0.419772685      0.320878863    
  0.254484594      0.228390545      0.802400708    
  0.363130987      0.236132503      0.748149216    
  0.687394023     -0.262264848      0.912074149    
  0.923896790     -0.593229055      0.665115893    
  0.757958770     -0.345741749      0.876553595    
  0.908710659     -0.567566931      0.699007392    
  0.225879401      0.220021009      0.817300260    
  0.216525942      0.216661438      0.823640466    
  0.880267978     -0.309896857      0.335092485    
  0.948580444     -0.475239038      0.317003578    
  0.235325918      0.223109007      0.812469542    
  0.877478182     -0.516761780      0.755540252    
  0.882767677     -0.525177360      0.746506333    
  0.189056590      0.205083579      0.838581443    
  0.930333078     -0.429011166      0.319110543    
   9.25900266E-02  -3.67654078E-02  0.960171163    
   6.12987280E-02  0.112224743      0.901302278    
   4.15502340E-02   8.98882300E-02  0.909882665    
  0.162472516      0.191590264      0.850444555    
  0.145278722      0.181617677      0.857297361    
   8.21725279E-02  0.133512080      0.887949228    
  0.198113441      0.209176868      0.833981156    
   8.94397721E-02  0.140291840      0.882806242    
  0.104548670      0.153203338      0.873876452    
   9.68951657E-02  0.146863580      0.877730727    
   4.79964763E-02   9.74533707E-02  0.906981707    
   7.27734491E-02  -3.82914767E-02  0.959665418    
   9.00066830E-03   4.01599109E-02  0.942078173    
  0.866794825     -0.499996901      0.771026731    
  0.745703578     -0.330089211      0.886827886    
  0.996867120     -0.605667949      0.298475713    
   5.57864551E-03  -7.33778859E-03   1.00428569    
   1.05963424E-02  -1.58644505E-02   1.00835645    
  0.207269847      0.213041902      0.829476476    
  0.872156382     -0.508366644      0.763546228    
  0.153817743      0.186703742      0.855066717    
  0.136858836      0.176336676      0.860327661    
   7.50733465E-02  0.126556143      0.893076539    
  0.112390414      0.159309059      0.871636271    
   2.92648301E-02   7.42658824E-02  0.916187108    
   8.26912224E-02  -3.76612023E-02  0.958510935    
   1.82301626E-02   5.77457175E-02  0.926860929    
   5.29200472E-02  -3.80490273E-02  0.962298989    
   2.19982723E-03   1.93918578E-03  0.986569166    
   6.28400743E-02  -3.84900793E-02  0.960035920    
  0.987244129     -0.577496350      0.290867984    
  0.349660397      -4.43927534E-02  0.968606532    
  0.805515051     -0.409462959      0.839460731    
   2.36944039E-03   2.14753784E-02  0.958418190    
  0.751856744     -0.337895393      0.882280409    
   1.70135256E-02  -2.33824961E-02  0.990983307    
   5.24484040E-03   3.09667848E-02  0.949659586    
  0.839206338     -0.458664119      0.795965552    
  0.504026532     -0.111110032      0.955332577    
  0.991695166     -0.633543491      0.446207017    
  0.844900966     -0.466810405      0.797584534    
  0.512455225     -0.116378546      0.954438746    
  0.616598725     -0.192632928      0.936915338    
  0.973485470     -0.540207982      0.317459852    
  0.609004915     -0.186219633      0.938457549    
  0.638951778     -0.212367415      0.931764901    
  0.570056438     -0.155360267      0.945791364    
  0.577986836     -0.161352396      0.944600403    
  0.745766103      -5.53356782E-02  0.404309154    
  0.452091634      -8.18353593E-02  0.964113474    
  0.460917830      -8.64062607E-02  0.962775350    
  0.980526924     -0.558798909      0.318450540    
  0.562062204     -0.149453580      0.947406411    
  0.782130301     -0.377308339      0.859712720    
  0.977006257     -0.549503446      0.317359567    
  0.402393073      0.230134934      0.723109424    
   5.45885339E-02  0.104892157      0.904002964    
  0.171235427      0.196280271      0.846881270    
  0.330263793      -4.00403067E-02  0.967678010    
  0.431087971      0.222070917      0.711753368    
  0.112382248      -3.49113122E-02  0.962783098    
  0.339973122      -4.21665758E-02  0.966241002    
  0.122295484      -3.41882184E-02  0.962956727    
  0.792394638     -0.131668091      0.336307317    
  0.120400980      0.165191844      0.866851270    
  0.884306431     -0.318979323      0.334995210    
  0.751116157      -6.37128130E-02  0.394274414    
  0.142130911      -3.28625031E-02  0.962078869    
  0.770139098     -0.361452937      0.867329538    
  0.712169886      -6.06833166E-03  0.478025317    
  0.537590861     -0.132420868      0.951025724    
  0.941331267     -0.456728399      0.322125196    
  0.180097789      0.200779647      0.843027174    
  0.933989584     -0.438254058      0.317980856    
  0.368918598      -4.93096709E-02  0.969273984    
  0.152048081      -3.21913809E-02  0.962045610    
  0.171890885      -3.09846289E-02  0.962199628    
  0.478394032      -9.58795995E-02  0.960271001    
  0.443197608      -7.73982555E-02  0.965269029    
  0.653381348     -0.226038292      0.929985166    
  0.788023591     -0.385312617      0.854568601    
  0.631568789     -0.205712378      0.933303177    
  0.601350188     -0.179879040      0.940127432    
  0.425131112      -6.91119060E-02  0.966321588    
  0.290992051      -3.39719132E-02  0.966523707    
  0.793877125     -0.393346041      0.848673224    
  0.966145873     -0.644969165      0.362895578    
  0.646236420     -0.219129294      0.930950940    
  0.915423512     -0.392153829      0.324793786    
  0.261267185      -3.16262171E-02  0.965887129    
  0.700376391       9.93478019E-03  0.495967537    
  0.888310075     -0.328077197      0.333841115    
  0.959265769     -0.503078401      0.316887289    
  0.201686442      -2.98294257E-02  0.961199820    
  0.776171148     -0.369353056      0.863958955    
  0.806851447     -0.157747954      0.323773801    
  0.898437560     -0.550547361      0.723723650    
  0.797278047     -0.140325546      0.331487507    
  0.440481871      0.218826517      0.708894670    
  0.911624551     -0.382968575      0.323566884    
  0.733148813     -0.314676404      0.894477785    
  0.855957270     -0.483331144      0.786133111    
  0.128562495      0.170863688      0.863466322    
  0.966403604     -0.521632493      0.317953616    
  0.680713356     -0.254904836      0.916084409    
  0.397327244      -5.83572686E-02  0.966990769    
   4.31022197E-02  -3.66508998E-02  0.967414677    
  0.487019718     -0.100817934      0.958749413    
  0.469686985      -9.10857916E-02  0.961445570    
  0.660378695     -0.233096942      0.928007424    
  0.861395359     -0.491651475      0.778596580    
  0.231500864      -2.98989303E-02  0.964769483    
  0.937655449     -0.447493196      0.320710838    
  0.624119103     -0.199132159      0.935285389    
  0.553998351     -0.143642426      0.949139833    
   2.47608926E-02  -2.94936728E-02  0.980764627    
  0.434215367      -7.31436834E-02  0.965643525    
  0.181818664      -3.04978937E-02  0.962180555    
  0.300865352      -3.51118110E-02  0.966922581    
  0.944983482     -0.465972930      0.320476949    
  0.717948556      -1.41555918E-02  0.462530762    
  0.816203952     -0.175290108      0.321322560    
  0.993456364     -0.596348286      0.312883228    
  0.850469589     -0.475043595      0.793247163    
  0.975802422     -0.644412875      0.494245797    
  0.529253840     -0.127008855      0.951811075    
  0.132213533      -3.35304700E-02  0.962476075    
  0.378442019      -5.21532968E-02  0.968633235    
  0.888033330     -0.533607841      0.738385081    
  0.918896914     -0.584638238      0.680696964    
  0.191750765      -3.01099531E-02  0.961923897    
  0.990131915     -0.586998105      0.280260861    
  0.593635798     -0.173611164      0.941708803    
  0.919215202     -0.401342064      0.324899167    
  0.962839842     -0.512353420      0.317661166    
  0.161967546      -3.15559357E-02  0.962151110    
  0.251351923      -3.09278816E-02  0.967151284    
  0.739467502     -0.322349191      0.890674710    
  0.406677961      -6.17259368E-02  0.966728628    
  0.700693846     -0.277040064      0.905597508    
  0.903574944     -0.559056640      0.710836291    
  0.545845091     -0.137957871      0.950332761    
  0.907830954     -0.373781145      0.323095739    
  0.706307828       1.95877161E-03  0.489369929    
  0.802098036     -0.149018437      0.327158302    
  0.585849047     -0.167433619      0.943094373    
  0.996328354     -0.624940991      0.178297952    
  0.811549544     -0.166507363      0.322355241    
  0.893262804     -0.542060852      0.733090281    
  0.241430968      -3.03220190E-02  0.967336953    
  0.520865917     -0.121675789      0.952982247    
  0.495557547     -0.105906874      0.956822336    
  0.387910008      -5.51783368E-02  0.967542410    
  0.674012184     -0.247563556      0.921388268    
  0.955693841     -0.493802488      0.315724671    
  0.969952166     -0.530917287      0.317755073    
