0.09735099337748349  0.2286328490690337
0.20132450331125837  0.23472371508153933
0.30331125827814587  0.2264253435502699
0.40000000000000013  0.2260034904013961
0.5019867549668875  0.2661344382418551
0.6013245033112583  0.3324549541740349
0.7006622516556293  0.4197178784831779
0.803311258278146  0.5409977693792405
0.9006622516556295  0.7185834980294259
0.9986754966887421  1.265276284918461
0.9748344370860931  1.4486263768015442
0.9490066225165565  1.3990008437062977
0.9000000000000004  1.3141361256544504
0.803311258278146  1.3813119055048948
0.7000000000000003  1.5833333333333335
0.6019867549668876  1.291876148538539
0.5503311258278148  1.1795360771124441
0.5006622516556294  1.0357737249055168
0.39801324503311275  0.8621378130670458
0.3046357615894041  0.7630687793996973
0.251655629139073  0.7384308218623952
0.16357615894039743  0.6733700865665777
0.12781456953642392  0.6421125018781135
0.10000000000000009  0.6330715532286215
