0.14947368421052631  0.06107748184019371
0.28727272727272735  0.05962469733656173
0.36880382775119624  0.05889830508474578
0.3676555023923446  0.12881355932203395
0.450909090909091  0.12736077481840202
0.52555023923445  0.12990314769975797
0.6053588516746413  0.13190072639225187
0.6558851674641148  0.11882566585956422
0.7052631578947373  0.11283292978208237
0.7299521531100484  0.10684019370460054
0.7575119617224884  0.031476997578692545
0.7804784688995217  0.04673123486682812
0.7971291866028711  0.06507263922518161
0.8177990430622011  0.08323244552058118
0.8344497607655506  0.09612590799031484
0.8488038277511964  0.10175544794188873
0.868325358851675  0.09685230024213082
