0.631652	58175.1
0.624617	58840.7
0.617463	59507
0.610202	60180.7
0.602816	60871.6
0.59531	61595.4
0.58768	62397.4
0.579913	63344
0.572026	64439.4
0.564019	65526.9
0.555931	66425.1
0.547768	67110
0.539515	67645.5
0.53119	68080
0.52278	68439.1
0.514285	68735.2
0.505683	68977
0.497002	69173.5
0.488226	69333.5
0.47934	69463.9
0.470363	69574.7
0.461279	69677.4
0.452077	69790.5
0.442781	69954.4
0.433377	70218
0.423866	70590
0.414256	71035
0.404568	71519.4
0.394806	72038
0.384979	72595.5
0.375098	73194.1
0.365167	73842.6
0.355197	74571.7
0.345203	75380.9
0.335203	76163.5
0.325202	76802.7
0.315206	77290.3
0.305223	77680.4
0.295272	78020.1
0.285356	78339.2
0.27548	78659.1
0.265652	79001.6
0.255887	79402.6
0.246197	79921.1
0.236586	80565.9
0.227068	81231.4
0.217642	81809.9
0.208296	82293.1
0.199031	82717.3
0.189862	83111.2
0.180801	83491.1
0.171835	83866.2
0.162996	84242
0.154286	84623.6
0.145698	85014
0.137257	85415.2
0.128956	85829.5
0.120814	86257.5
0.112831	86701.6
0.105011	87164.2
0.0973464	87658.5
0.0898627	88193.6
0.0825457	88740.6
0.0754321	89232.6
0.0683555	89644.8
0.0614061	89990.2
0.0545745	90299
0.0479005	90587.7
0.0414045	90871.1
0.0351181	91165.8
0.0290752	91479.1
0.0233274	91827.2
0.0179423	92241.3
0.0130196	92728.3
0.00869193	93356.8
0.0051543	94234
0.00268619	95444.4
0.00167161	97001.2
0.00256072	98543.5
0.00567561	99591.4
0.0108456	99885.5
0.0174432	99431.4
0.0253696	98419.8
0.0343798	97301.7
0.04404	96540.3
0.0539545	96195.6
0.0639333	96106.4
0.073915	96123.7
0.0838778	96219.3
0.0938206	96348.2
0.103765	96457.3
0.113713	96533.2
0.123664	96586.1
0.133619	96626.5
0.143579	96662.7
0.153557	96698.4
0.163544	96735.6
0.17353	96775.3
0.183508	96817.5
0.193486	96860.4
0.203468	96900.7
0.213452	96936.2
0.223436	96967.3
0.233419	96995.1
0.243399	97020.4
0.253376	97043.2
0.263356	97063.5
0.273333	97081.2
0.283282	97096.2
0.293203	97108.5
0.303103	97118.1
0.312977	97124.7
0.322821	97128.1
0.332629	97127.9
0.3424	97123.4
0.352142	97114.5
0.361813	97100.3
0.371423	97078.9
0.380964	97047.4
0.390431	97004
0.399827	96949.4
0.409145	96885.1
0.418394	96812
0.427579	96730.9
0.436672	96642.6
0.445701	96547.8
0.454657	96447.4
0.463534	96342.9
0.47236	96235.4
0.481102	96125.9
0.489778	96014.5
0.498404	95901.3
0.506948	95786.1
0.515433	95666.6
0.525238	95525.1
0.533607	95404.8
0.541897	95284.8
0.550123	95162.3
0.558287	95036.5
0.566393	94907.1
0.574427	94773.8
0.582383	94636.8
0.590267	94496.3
0.598079	94352
0.60582	94203.4
0.60582	94203.4
0.613488	94049.5
0.62108	93889.5
0.628604	93723
0.636035	93551.3
0.643399	93372.4
0.650496	93184.3
0.657661	92969.3
0.664725	92729.5
0.671701	92470.2
0.678596	92195
0.685402	91905.3
0.692146	91601.4
0.698802	91285
0.7054	90954.8
0.711924	90611.2
0.718384	90253.8
0.72478	89882.9
0.731118	89498.4
0.7374	89100.5
0.74363	88688.4
0.749816	88259.9
0.755947	87816.6
0.762045	87364.2
0.768104	86909.1
0.774125	86450.5
0.780109	85986
0.78606	85513.9
0.791979	85033.6
0.79786	84545.2
0.803703	84047.4
0.809506	83539.3
0.815272	83019.9
0.821003	82488.8
0.826711	81943.9
0.832367	81386.8
0.83799	80815.3
0.843573	80226.7
0.849133	79614.1
0.854644	78980.5
0.860128	78339.1
0.865585	77708.2
0.871017	77089.9
0.876424	76472.7
0.88178	75846
0.887087	75189.9
0.892329	74449.4
0.897497	73490.5
0.902537	72184.1
0.907539	70609.9
0.91257	68997.4
0.917607	67435.8
0.922663	65833.4
0.927736	64003.3
0.932818	61899.1
0.937536	59266.6
0.941406	55774.2
0.944537	51127.3
0.947356	45173.6
0.949736	39174.3
0.95187	34317.4
0.953861	34149.3
0.955758	37126.4
0.957776	39138.9
0.960052	39869.1
0.96287	40162.6
0.966276	40121.9
0.970035	40011.9
0.973393	40248.9
0.976749	40601.5
0.980559	40905.2
0.985005	41131
0.989772	40962.3
0.994125	40407.4
0.997149	40161.6
0.998529	40205.5
0.998114	39961.5
0.996329	39616.2
0.994286	39167.5
0.992107	38608.8
0.989362	37925
0.986191	37167.2
0.982813	36449.2
0.979409	35868.3
0.975975	35425.9
0.972518	35080.2
0.969036	34785.5
0.965524	34519.6
0.961984	34280.5
0.958423	34081
0.954836	33937.3
0.951221	33856.9
0.947582	33834.4
0.943917	33842.4
0.940216	33850.3
0.936505	33847.9
0.932779	33840.9
0.929034	33833.4
0.925272	33817.7
0.921491	33779.9
0.917692	33710.4
0.913865	33607.6
0.910025	33468.8
0.906165	33278.5
0.902281	33013.9
0.898376	32670.3
0.894449	32271.9
0.890492	31820.2
0.886513	31223.3
0.882511	30196.4
0.878476	28275
0.874418	25404.2
0.870333	22422
0.866215	20281.6
0.862069	19488.3
0.857891	19573.1
0.853679	19846.6
0.849432	20239.1
0.845149	20704.9
0.840826	21247.5
0.836464	21884
0.832058	22622
0.827607	23458
0.82311	24380.5
0.818563	25375.2
0.813963	26428.3
0.809308	27531.6
0.804591	28684.9
0.799813	29894.1
0.794967	31166.4
0.790045	32505
0.78505	33868.8
0.779962	35170.3
0.774822	36361.6
0.769636	37484
0.764394	38587.3
0.759098	39687.3
0.75374	40784.9
0.74833	41873.3
0.742854	42946.4
0.737313	43996.8
0.731714	45021.2
0.72605	46020.9
0.72032	46996.9
0.714514	47952.2
0.708643	48885.1
0.702687	49794.4
0.696666	50675.8
0.690566	51530.8
0.684386	52356.8
0.678118	53157.7
0.671767	53933.7
0.665311	54686.6
0.658779	55416.7
0.652141	56128.7
0.645414	56823
0.638585	57504.1
0.631652	58175.1

