0.0900191	58175.1
0.0971033	58840.7
0.104083	59507
0.110937	60180.7
0.117671	60871.6
0.124269	61595.4
0.130722	62397.4
0.137028	63344
0.143161	64439.4
0.149126	65526.9
0.154981	66425.1
0.16073	67110
0.166374	67645.5
0.171891	68080
0.177279	68439.1
0.182527	68735.2
0.187635	68977
0.192573	69173.5
0.197335	69333.5
0.201915	69463.9
0.206285	69574.7
0.210434	69677.4
0.214347	69790.5
0.21799	69954.4
0.221345	70218
0.224388	70590
0.22712	71035
0.229535	71519.4
0.231629	72038
0.233396	72595.5
0.234832	73194.1
0.235935	73842.6
0.236703	74571.7
0.237134	75380.9
0.237239	76163.5
0.237095	76802.7
0.236711	77290.3
0.236075	77680.4
0.235177	78020.1
0.234002	78339.2
0.232538	78659.1
0.230773	79001.6
0.228692	79402.6
0.226286	79921.1
0.223538	80565.9
0.220468	81231.4
0.217176	81809.9
0.213662	82293.1
0.20992	82717.3
0.205952	83111.2
0.201757	83491.1
0.197326	83866.2
0.19267	84242
0.187788	84623.6
0.182672	85014
0.177335	85415.2
0.17177	85829.5
0.165991	86257.5
0.159995	86701.6
0.153787	87164.2
0.147361	87658.5
0.140739	88193.6
0.133912	88740.6
0.126999	89232.6
0.119921	89644.8
0.112743	89990.2
0.105427	90299
0.097982	90587.7
0.090389	90871.1
0.082632	91165.8
0.0746839	91479.1
0.0665198	91827.2
0.0581074	92241.3
0.0494204	92728.3
0.0404208	93356.8
0.031083	94234
0.0214088	95444.4
0.0114761	97001.2
0.00153147	98543.5
-0.00795469	99591.4
-0.0165073	99885.5
-0.0240293	99431.4
-0.0301186	98419.8
-0.0344493	97301.7
-0.0369732	96540.3
-0.0381541	96195.6
-0.0384919	96106.4
-0.0382541	96123.7
-0.0375959	96219.3
-0.0366829	96348.2
-0.0357869	96457.3
-0.0349314	96533.2
-0.0341195	96586.1
-0.0333549	96626.5
-0.0326415	96662.7
-0.0319833	96698.4
-0.0313866	96735.6
-0.0308586	96775.3
-0.0304071	96817.5
-0.0300454	96860.4
-0.0298064	96900.7
-0.0296985	96936.2
-0.0297263	96967.3
-0.0298945	96995.1
-0.030208	97020.4
-0.030672	97043.2
-0.0312925	97063.5
-0.032075	97081.2
-0.0330234	97096.2
-0.034143	97108.5
-0.0354405	97118.1
-0.0369215	97124.7
-0.0385921	97128.1
-0.0404581	97127.9
-0.0425259	97123.4
-0.0448055	97114.5
-0.0472936	97100.3
-0.0500012	97078.9
-0.0529448	97047.4
-0.0561166	97004
-0.0595038	96949.4
-0.0630913	96885.1
-0.0668712	96812
-0.0708335	96730.9
-0.0749565	96642.6
-0.0792414	96547.8
-0.0836752	96447.4
-0.0882456	96342.9
-0.0929585	96235.4
-0.0977891	96125.9
-0.102739	96014.5
-0.10781	95901.3
-0.112978	95786.1
-0.118249	95666.6
-0.124507	95525.1
-0.129992	95404.8
-0.13556	95284.8
-0.14122	95162.3
-0.146976	95036.5
-0.152832	94907.1
-0.158779	94773.8
-0.164812	94636.8
-0.170938	94496.3
-0.177157	94352
-0.18347	94203.4
-0.18347	94203.4
-0.189877	94049.5
-0.196376	93889.5
-0.202974	93723
-0.209653	93551.3
-0.216432	93372.4
-0.223146	93184.3
-0.230122	92969.3
-0.237191	92729.5
-0.244349	92470.2
-0.251594	92195
-0.258906	91905.3
-0.266304	91601.4
-0.273752	91285
-0.281275	90954.8
-0.288845	90611.2
-0.296468	90253.8
-0.304138	89882.9
-0.311854	89498.4
-0.319614	89100.5
-0.327417	88688.4
-0.335269	88259.9
-0.343149	87816.6
-0.351067	87364.2
-0.359009	86909.1
-0.366977	86450.5
-0.37497	85986
-0.382994	85513.9
-0.391052	85033.6
-0.399132	84545.2
-0.407238	84047.4
-0.415363	83539.3
-0.423515	83019.9
-0.431694	82488.8
-0.439917	81943.9
-0.448144	81386.8
-0.456399	80815.3
-0.464676	80226.7
-0.472996	79614.1
-0.481322	78980.5
-0.48967	78339.1
-0.498031	77708.2
-0.506415	77089.9
-0.514834	76472.7
-0.52326	75846
-0.53172	75189.9
-0.540217	74449.4
-0.548781	73490.5
-0.5574	72184.1
-0.566044	70609.9
-0.574696	68997.4
-0.583316	67435.8
-0.591926	65833.4
-0.600526	64003.3
-0.609097	61899.1
-0.61702	59266.6
-0.623491	55774.2
-0.628658	51127.3
-0.632957	45173.6
-0.636217	39174.3
-0.638768	34317.4
-0.640733	34149.3
-0.642097	37126.4
-0.64307	39138.9
-0.643996	39869.1
-0.644888	40162.6
-0.645573	40121.9
-0.6458	40011.9
-0.645505	40248.9
-0.644824	40601.5
-0.643596	40905.2
-0.641344	41131
-0.637431	40962.3
-0.631333	40407.4
-0.623563	40161.6
-0.615521	40205.5
-0.609081	39961.5
-0.603741	39616.2
-0.598235	39167.5
-0.592032	38608.8
-0.58427	37925
-0.575371	37167.2
-0.565976	36449.2
-0.55659	35868.3
-0.5472	35425.9
-0.537833	35080.2
-0.528475	34785.5
-0.519119	34519.6
-0.509768	34280.5
-0.50044	34081
-0.491122	33937.3
-0.481812	33856.9
-0.472514	33834.4
-0.463227	33842.4
-0.453923	33850.3
-0.444648	33847.9
-0.435385	33840.9
-0.426127	33833.4
-0.416876	33817.7
-0.407635	33779.9
-0.398401	33710.4
-0.389157	33607.6
-0.37994	33468.8
-0.370732	33278.5
-0.361527	33013.9
-0.352337	32670.3
-0.343158	32271.9
-0.333977	31820.2
-0.32481	31223.3
-0.315662	30196.4
-0.30651	28275
-0.297381	25404.2
-0.288271	22422
-0.279164	20281.6
-0.270081	19488.3
-0.261013	19573.1
-0.251957	19846.6
-0.242922	20239.1
-0.233903	20704.9
-0.224903	21247.5
-0.215922	21884
-0.206963	22622
-0.198023	23458
-0.189109	24380.5
-0.180219	25375.2
-0.171358	26428.3
-0.162526	27531.6
-0.153721	28684.9
-0.144955	29894.1
-0.136225	31166.4
-0.127529	32505
-0.118884	33868.8
-0.110266	35170.3
-0.101692	36361.6
-0.0931589	37484
-0.0846546	38587.3
-0.076189	39687.3
-0.067751	40784.9
-0.0593595	41873.3
-0.0509983	42946.4
-0.0426749	43996.8
-0.0344013	45021.2
-0.0261745	46020.9
-0.0179967	46996.9
-0.0098588	47952.2
-0.00178184	48885.1
0.00625545	49794.4
0.0142204	50675.8
0.0221273	51530.8
0.0299693	52356.8
0.03775	53157.7
0.045457	53933.7
0.0531083	54686.6
0.0606629	55416.7
0.0681459	56128.7
0.0755323	56823
0.0828251	57504.1
0.0900191	58175.1
