  0.725093484      -2.43937708E-02  0.453689784    
  0.998516321     -0.615160942      0.173723653    
  0.518831253     -0.120388731      0.954733133    
  0.899700403     -0.354403228      0.338754117    
  0.763294816     -0.352615297      0.870874763    
  0.838758171     -0.458012104      0.800276041    
  0.216935486      0.216842651      0.821002066    
  0.510388315     -0.115078121      0.956402063    
  0.712801337     -0.290850431      0.901557684    
   1.79586746E-02   5.73871583E-02  0.922809720    
  0.648517132     -0.221272618      0.932409704    
   1.30930524E-02   4.86826897E-02  0.929073572    
  0.464706600      0.208939597      0.697456479    
  0.844485402     -0.466177821      0.801619470    
  0.730728328      -3.26238312E-02  0.446720064    
  0.173195571      -3.09071504E-02  0.965990365    
  0.961249709     -0.644174159      0.139849171    
  0.819071770     -0.429190099      0.827231526    
  0.821798563     -0.433365703      0.821349561    
  0.881769240     -0.313256890      0.343839616    
  0.506161332     -0.112431660      0.957402349    
  0.998226762     -0.610221803      0.238790691    
  0.971059561     -0.645549297      0.392996252    
   1.14717404E-03   6.12540776E-03  0.976310790    
  0.141173691      0.179101184      0.857713640    
   1.08458269E-02   4.42313626E-02  0.933549225    
   5.73535729E-03  -8.02485272E-03  0.995505750    
   1.08899884E-02  -1.65407192E-02  0.991875887    
  0.460155129      0.210977614      0.699424386    
   4.39192355E-02  -3.69445235E-02  0.963058531    
   3.40067921E-03   2.57493816E-02  0.945700884    
  0.985683799     -0.572439134      0.304803401    
  0.802034736     -0.404594541      0.842827916    
   6.77223131E-03   3.51303443E-02  0.939433217    
  0.417944431      0.226129055      0.714584172    
   6.37682155E-02  -3.85500565E-02  0.959546804    
  0.995237768     -0.600746810      0.316241980    
  0.378962278      0.234441012      0.731335461    
  0.231056988      0.221780196      0.810481131    
  0.605763197      0.115796477      0.606096923    
  0.339190751      0.237222940      0.763580859    
  0.538370609      0.167133689      0.682580233    
  0.578834057      0.137998879      0.650509298    
  0.264790982      0.230677813      0.789524317    
  0.953683972     -0.488568962      0.312626868    
   8.20823014E-02  0.133457109      0.886520505    
   9.36174393E-02  -3.66699509E-02  0.961870492    
  0.422730446      0.224727660      0.713401556    
  0.566889465      0.147007942      0.663022101    
  0.329217136      0.237168461      0.769975722    
  0.616821408      0.105720073      0.585880101    
  0.590576410      0.128728613      0.630961657    
  0.491417289      0.195468754      0.698627353    
  0.609483123      0.112474941      0.599386036    
  0.542518020      0.164364249      0.679153323    
  0.582777381      0.134945840      0.644618750    
  0.658077002       6.24001212E-02  0.554349661    
  0.713626266      -8.07113573E-03  0.479153782    
   8.86542648E-02  -3.71579155E-02  0.961259186    
  0.644776046       7.72664994E-02  0.561096847    
  0.504463375      0.188145339      0.698424757    
  0.936248422     -0.614612937      0.615312457    
  0.741808057      -4.92120087E-02  0.420595050    
  0.570887327      0.144026607      0.659567297    
  0.837753654     -0.218231320      0.310904294    
  0.768447280      -9.13711041E-02  0.376835167    
  0.683608413       3.17492448E-02  0.518139541    
  0.783927143     -0.116977692      0.336628765    
  0.844255686     -0.231705993      0.329169482    
  0.850697994     -0.245209217      0.336654902    
  0.865343690     -0.276898265      0.343880564    
  0.788934708     -0.125603750      0.323815078    
  0.946540415     -0.469943404      0.318666309    
  0.749903381      -6.17939048E-02  0.401719451    
  0.833403826     -0.209255576      0.299261600    
  0.760535240      -7.86730498E-02  0.386833489    
  0.839921236     -0.222722769      0.317184567    
  0.267854214      -3.20941508E-02  0.967566788    
  0.755234122      -7.02241063E-02  0.392933965    
  0.143331900      -3.27804200E-02  0.965185285    
  0.928180575     -0.423574805      0.322029382    
  0.950123191     -0.479251981      0.313543409    
  0.138356432      -3.31212282E-02  0.963870823    
  0.946470916     -0.631740332      0.505327642    
  0.911111593     -0.571541190      0.700347126    
  0.988681555     -0.637337327      0.436081231    
  0.716526210      -1.21284388E-02  0.470789790    
  0.701825023       8.01178254E-03  0.498654902    
  0.707761288      -3.53564974E-06  0.490810186    
  0.941271484     -0.623229980      0.577118635    
  0.776265264     -0.104127243      0.359714568    
  0.763178766      -8.29018801E-02  0.384318411    
  0.661358535       5.86447977E-02  0.550399721    
  0.771067142      -9.56146717E-02  0.372143209    
  0.793876290     -0.134267807      0.312734514    
  0.931851685     -0.432848930      0.320880353    
  0.798759043     -0.142965108      0.302144021    
  0.627543092       9.52863246E-02  0.573034346    
  0.817681193     -0.178088367      0.277932376    
  0.822274923     -0.186941698      0.279827803    
  0.943829954     -0.627510667      0.548249304    
  0.598234415      0.122338548      0.615419030    
  0.938750863     -0.618926764      0.599111676    
  0.813023329     -0.169268534      0.277919948    
  0.805957198     -0.156080961      0.286813378    
  0.704801202       4.01008688E-03  0.494903356    
  0.744524002      -5.33947051E-02  0.413248181    
  0.747221231      -5.75894415E-02  0.406856656    
  0.739070177      -4.50436696E-02  0.428537905    
  0.710703850      -4.03005583E-03  0.485762149    
  0.727916598      -2.85049155E-02  0.450368375    
  0.680507243       3.56548429E-02  0.519160211    
  0.558846951      0.152907223      0.668154180    
  0.757887363      -7.44468868E-02  0.389832318    
  0.752573490      -6.60060048E-02  0.397393972    
  0.550732255      0.158706829      0.672818124    
  0.773673892      -9.98662710E-02  0.366807848    
  0.786440194     -0.121285342      0.329962522    
  0.765816927      -8.71340483E-02  0.381049991    
  0.654780030       6.61420077E-02  0.556479931    
  0.778839231     -0.108398795      0.352632582    
  0.791412830     -0.129931599      0.318087280    
  0.641388655       8.09265673E-02  0.563673675    
  0.931258500     -0.605976582      0.639449120    
  0.648134351       7.35796764E-02  0.558301032    
  0.781393647     -0.112682037      0.344258249    
  0.620433092      0.102281168      0.580354810    
  0.796325326     -0.138612121      0.307439297    
  0.624005973       9.88018960E-02  0.576156616    
  0.631048203       9.17387828E-02  0.570537746    
  0.808324099     -0.160470635      0.282384574    
  0.815358400     -0.173675209      0.277650565    
  0.602013588      0.119084552      0.610557973    
  0.613170505      0.109117262      0.591712475    
  0.819987953     -0.182509899      0.278663993    
  0.831213117     -0.204775393      0.294190615    
  0.835582614     -0.213741571      0.304800272    
  0.594423056      0.125554696      0.622486711    
  0.933752418     -0.610295415      0.627786696    
  0.586693406      0.131857991      0.638047755    
  0.517341971      0.180531874      0.690097690    
  0.842088819     -0.227214202      0.323520869    
  0.848566115     -0.240700722      0.336302966    
  0.562876046      0.149968266      0.665844321    
  0.869496584     -0.285966814      0.344506234    
  0.863256812     -0.272368729      0.342480868    
  0.574869275      0.141024128      0.655457020    
  0.554800272      0.155821934      0.670351565    
  0.546639085      0.161555707      0.675772727    
  0.810678661     -0.164866939      0.279292434    
  0.760234714     -0.348677397      0.872911692    
  0.521586239      0.177913249      0.688390851    
  0.495781690      0.193055689      0.699267745    
  0.508779049      0.185646117      0.696126640    
  0.469229132      0.206838012      0.696902990    
  0.513072968      0.183109835      0.692804515    
  0.824522853     -0.437542975      0.814544618    
  0.903378665     -0.558733165      0.715137601    
  0.696326494     -0.272132874      0.909941018    
  0.928765535     -0.601657271      0.650718868    
  0.500129998      0.190613747      0.699366570    
  0.832947254     -0.449905425      0.797447145    
  0.482623935      0.200175852      0.696438551    
  0.905954003     -0.563003898      0.709009528    
  0.827274561     -0.441702127      0.807371020    
  0.830080986     -0.445824414      0.800108969    
  0.446323514      0.216676265      0.703715801    
  0.682932973     -0.257349253      0.916154444    
  0.796181977     -0.396517992      0.846793413    
  0.766355336     -0.356552869      0.868897855    
  0.455574214      0.212948620      0.701054692    
  0.841641307     -0.462081313      0.801513612    
  0.804943800     -0.408645302      0.841018617    
  0.487032771      0.197845042      0.697340906    
  0.652096629     -0.224745065      0.932445288    
  0.450963616      0.214849114      0.702135205    
  0.879736900     -0.308702648      0.343912065    
  0.846416771     -0.236200541      0.333757669    
  0.543950438     -0.136646181      0.952859819    
  0.427495897      0.223257974      0.711855888    
  0.897735119     -0.349819660      0.339109361    
  0.885810852     -0.322375596      0.342582315    
  0.915042043     -0.391232193      0.332639813    
  0.903593540     -0.363586277      0.335051745    
  0.913133502     -0.386624753      0.331522793    
  0.930017769     -0.428211212      0.321198732    
  0.926337481     -0.418940783      0.323493689    
  0.284477890      0.233871609      0.785497963    
  0.240586132      0.224724323      0.803621173    
  0.349161863      0.236999869      0.754101515    
  0.314267218      0.236613631      0.776172340    
  0.299346924      0.235519692      0.781906962    
  0.334203780      0.237228572      0.766794324    
  0.262879312      -3.17452326E-02  0.967484891    
  0.374014914      0.235067844      0.737038732    
  0.359121174      0.236468256      0.745977759    
  0.514610827     -0.117731780      0.955472589    
  0.523048401     -0.123050824      0.954232514    
  0.269691825      0.231600001      0.788053393    
  0.226326212      0.220202386      0.813157022    
  0.212276697      0.215063483      0.823161483    
  0.354143679      0.236774221      0.749822855    
  0.319248140      0.236859679      0.774877846    
  0.908533335     -0.567272186      0.704306304    
  0.941053510     -0.456024587      0.323937863    
  0.259908140      0.229664668      0.791683376    
  0.245383978      0.226084381      0.800436914    
  0.867424726     -0.281430453      0.344537199    
  0.369058073      0.235614330      0.739733338    
  0.383898079      0.233729243      0.727126002    
  0.942895532     -0.460659027      0.323114663    
  0.861168087     -0.267840147      0.340468705    
  0.364093065      0.236081436      0.742637813    
  0.856995583     -0.258780539      0.336794287    
  0.944726288     -0.465297967      0.321211368    
  0.294383645      0.235033974      0.783321261    
  0.344177127      0.237148046      0.760136843    
  0.309289575      0.236308098      0.778258681    
  0.790317416     -0.388449997      0.852942109    
  0.877699494     -0.304150701      0.343633622    
  0.951903224     -0.483910620      0.312540174    
  0.948337674     -0.474595428      0.315637261    
  0.655637860     -0.228256479      0.931132913    
  0.324231684      0.237045020      0.772259057    
  0.859080911     -0.263310790      0.338251561    
  0.889813542     -0.331511438      0.340132564    
  0.871558309     -0.290507793      0.343619972    
  0.956634998     -0.642367363      0.195554763    
  0.898227811     -0.550191879      0.727203965    
  0.289426982      0.234485045      0.784447074    
  0.304315865      0.235943779      0.780388415    
  0.952605367     -0.639541626      0.307879001    
  0.659142673     -0.231804267      0.929582238    
  0.911229134     -0.382015526      0.330246568    
  0.133380622      -3.34568396E-02  0.965369344    
  0.793250620     -0.392483354      0.849613428    
  0.916950524     -0.395839751      0.332957476    
  0.128404215      -3.37836444E-02  0.964257658    
  0.922622442     -0.409684241      0.328058660    
  0.799111784     -0.400553793      0.844671667    
  0.909328461     -0.377404839      0.329902291    
  0.887817085     -0.326941371      0.341242671    
  0.900805354     -0.554461241      0.721599460    
  0.883794546     -0.317814261      0.343602538    
  0.935520530     -0.442123860      0.321643561    
  0.901654363     -0.358991623      0.337314308    
  0.907426119     -0.372794747      0.330775201    
  0.933685064     -0.437486827      0.321022928    
  0.221618831      0.218556136      0.816382289    
  0.975943327     -0.644822717      0.452238113    
  0.235810429      0.223288327      0.807010531    
  0.879844785     -0.520514727      0.755425572    
  0.193892494      0.207326770      0.834320962    
  0.983945966     -0.567764997      0.314102858    
  0.918853343     -0.400449574      0.332259297    
  0.924485683     -0.414310217      0.325702757    
  0.905516446     -0.368187785      0.332657784    
   5.77690303E-02  0.108415186      0.902683854    
   6.11481182E-02  0.112082988      0.900444925    
   5.44166937E-02  0.104722925      0.904379487    
   6.45546615E-02  0.115725286      0.898197055    
   7.85025060E-02  0.129985034      0.889366508    
   4.78023142E-02   9.72575843E-02  0.907609880    
  0.171470389      0.196424782      0.845731139    
  0.175906360      0.198703527      0.843834937    
  0.180366337      0.200934917      0.841579795    
  0.136963248      0.176428646      0.859176278    
  0.189359128      0.205248564      0.836755991    
  0.162673354      0.191724688      0.849052787    
  0.184850499      0.203117251      0.839289427    
   4.13350016E-02   8.96646529E-02  0.910347760    
  0.124521226      0.168121591      0.863691390    
   3.50542068E-02   8.19169730E-02  0.912500501    
  0.104531050      0.153225303      0.871598303    
  0.100665390      0.150074720      0.873770952    
   3.19994353E-02   7.79751986E-02  0.913477242    
   1.54662300E-02   5.30682355E-02  0.925434649    
   8.73415451E-03   3.97142693E-02  0.936705232    
   3.43081877E-02  -3.43483090E-02  0.969382584    
   1.39856283E-02  -2.04424802E-02  0.997145116    
   2.97104307E-02  -3.24359536E-02  0.974677145    
   1.74289644E-02  -2.40391623E-02  0.994806826    
   2.15433165E-03   1.25532039E-03  0.979653895    
   1.18452590E-03   1.60443671E-02  0.959496081    
   2.53263935E-02  -3.00774314E-02  0.980209112    
   5.10932282E-02  0.101004668      0.905854523    
   4.45480458E-02   9.34786648E-02  0.909151614    
  0.167058915      0.194098949      0.847576737    
  0.145414263      0.181725651      0.855910063    
   3.81683931E-02   8.58120471E-02  0.911463678    
  0.120442882      0.165251538      0.865112722    
   7.49623775E-02  0.126472533      0.891862810    
  0.108444154      0.156316757      0.869799197    
  0.996611238     -0.624894440      0.260537952    
   8.57043490E-02  0.136885077      0.883265138    
   8.36873055E-02  -3.76047678E-02  0.960362077    
   9.68498141E-02  0.146863699      0.875709772    
   2.90123560E-02   7.39819407E-02  0.915373147    
   5.87826334E-02  -3.84703502E-02  0.958961129    
  0.920745134     -0.405063927      0.330472380    
   4.98209009E-03   3.04770004E-02  0.942396462    
  0.118451834      -3.44434567E-02  0.963604391    
  0.993408203     -0.596108198      0.317509711    
  0.987255275     -0.577169895      0.278519183    
   8.13679583E-03  -1.23891495E-02  0.991901815    
   3.90609838E-02  -3.58388983E-02  0.965761006    
  0.968003273     -0.525807738      0.313386559    
  0.148307383      -3.24399918E-02  0.965171933    
  0.969782174     -0.530466795      0.312746227    
  0.994671702     -0.629469037      0.404150218    
   2.09610118E-03   2.09398046E-02  0.950348914    
  0.858318567     -0.486923933      0.785092473    
   3.72073310E-03  -3.47013888E-03  0.985963762    
   2.12169886E-02  -2.72689369E-02  0.986012578    
  0.971556962     -0.535127401      0.312125415    
  0.973327994     -0.539789498      0.311606854    
  0.651467323       6.98699281E-02  0.557425320    
  0.996964335     -0.605424821      0.308126241    
   8.23282986E-04   1.10840127E-02  0.969364703    
  0.966220379     -0.521150231      0.314050585    
  0.964433610     -0.516494155      0.314553618    
  0.962643325     -0.511839449      0.314925134    
  0.855583906     -0.482753426      0.788629413    
  0.957261026     -0.497879744      0.314176440    
  0.960850000     -0.507185936      0.315029770    
  0.921277761     -0.588704467      0.680257976    
  0.959055185     -0.502532959      0.314755142    
  0.123427615      -3.41075063E-02  0.963800550    
  0.478187710      0.202454001      0.696235716    
  0.982163250     -0.563107371      0.312916487    
  0.784426928     -0.380400956      0.857880652    
  0.787377894     -0.384421289      0.855399847    
  0.168215930      -3.11800390E-02  0.966343462    
  0.163237393      -3.14724669E-02  0.965396225    
  0.722588956     -0.302166134      0.896715283    
  0.781460226     -0.376392186      0.860388994    
  0.778475583     -0.372396827      0.862727404    
  0.913680732     -0.575815618      0.697293699    
  0.672854543     -0.246291876      0.921702623    
  0.852836967     -0.478591025      0.792580724    
  0.980388999     -0.558446527      0.311148345    
  0.356389016      -4.59791198E-02  0.968510687    
  0.978624225     -0.553782105      0.310651749    
  0.183158323      -3.04300953E-02  0.966765463    
  0.178176373      -3.06564737E-02  0.966811478    
  0.747977376     -0.332938999      0.883794546    
  0.277803719      -3.27960327E-02  0.968716204    
   4.88432050E-02  -3.77150550E-02  0.960799038    
  0.744875610     -0.329033852      0.885671675    
  0.497678697     -0.107184827      0.959243536    
  0.462991267      -8.74882936E-02  0.963871121    
  0.467391431      -8.98355842E-02  0.962786913    
  0.810693622     -0.416795313      0.837135077    
  0.501926005     -0.109798491      0.958345354    
  0.203096002      -2.97874305E-02  0.966897786    
  0.351537943      -4.48223911E-02  0.968443811    
  0.242977366      -3.03876922E-02  0.968180418    
  0.807832122     -0.412710845      0.839226782    
  0.198110342      -2.99067646E-02  0.966507077    
  0.272829413      -3.24384868E-02  0.966830015    
  0.556218088     -0.145209402      0.951612890    
  0.560261428     -0.148128733      0.950750768    
  0.247955218      -3.06906123E-02  0.967955530    
  0.816316962     -0.425033003      0.831280947    
  0.801176071     -0.147327393      0.296843410    
  0.213069141      -2.96499021E-02  0.967170537    
  0.489133418     -0.102040842      0.960226953    
  0.813523412     -0.420901805      0.834465444    
  0.208082318      -2.97000203E-02  0.968299150    
  0.493415624     -0.104596883      0.959930182    
  0.692986190     -0.268429637      0.910564959    
  0.250203848      0.227364168      0.797347605    
  0.445243478      -7.83818066E-02  0.965810239    
  0.399313748      -5.90321645E-02  0.968417764    
  0.548066020     -0.139462724      0.951596498    
   7.87150264E-02  -3.79868895E-02  0.960149586    
  0.552154183     -0.142318785      0.951881647    
  0.449705034      -8.06101114E-02  0.965581238    
  0.375620425      -5.12658767E-02  0.969226956    
  0.394601911      -5.73984720E-02  0.968129754    
  0.380383044      -5.27451411E-02  0.968252480    
  0.408681601      -6.24558553E-02  0.968310654    
  0.404007554      -6.07170463E-02  0.967543721    
  0.417966694      -6.60979003E-02  0.967983186    
  0.413334966      -6.42493218E-02  0.968514085    
  0.287742943      -3.36272344E-02  0.970209718    
  0.282775462      -3.31861936E-02  0.969632745    
  0.436254323      -7.40605891E-02  0.966609597    
  0.440761030      -7.61959553E-02  0.966309667    
  0.431721032      -7.19822794E-02  0.966882050    
   8.93712342E-02  0.140264988      0.880281568    
  0.370842576      -4.98367399E-02  0.968510270    
  0.158315122      0.189300612      0.849812865    
  0.722256780      -2.02920288E-02  0.458928078    
  0.709525943     -0.287089705      0.902947485    
  0.153283283      -3.21054794E-02  0.964980423    
  0.484828770      -9.95227545E-02  0.960191369    
  0.686690092       2.78282203E-02  0.515667975    
  0.218056172      -2.96429694E-02  0.969010293    
  0.692797184       1.99423004E-02  0.510005414    
  0.824539900     -0.191384792      0.281561315    
  0.803575277     -0.151699454      0.291673601    
  0.873611450     -0.295052707      0.343101829    
  0.664620399       5.48723340E-02  0.544442415    
  0.676224947     -0.249967724      0.920029283    
  0.432239443      0.221719027      0.709886134    
  0.564287424     -0.151071951      0.949835539    
  0.480499953      -9.70464721E-02  0.961424410    
  0.949307442     -0.635837197      0.433736593    
  0.108507782      -3.52160856E-02  0.962883413    
  0.539808035     -0.133869216      0.953334272    
  0.158259884      -3.17818150E-02  0.964890599    
  0.866463006     -0.499474198      0.773900270    
  0.699650288     -0.275850952      0.908603787    
  0.706245482     -0.283333391      0.904682457    
   2.32831016E-02   6.58190250E-02  0.917992830    
  0.274608195      0.232435673      0.787443101    
  0.255045414      0.228559166      0.794413447    
  0.988593340     -0.581972241      0.250998467    
  0.436959624      0.220109910      0.707743168    
  0.719402373      -1.62026063E-02  0.464512229    
  0.850075364     -0.474438310      0.795890749    
  0.874522030     -0.512079477      0.763617277    
  0.530013025      0.172577292      0.686262250    
  0.716072440     -0.294614911      0.899900496    
  0.366045535      -4.84737642E-02  0.968785226    
  0.388819754      0.232925773      0.723368943    
   9.30855423E-02  0.143592685      0.877879500    
  0.826783299     -0.195838839      0.284312695    
  0.534200907      0.169869453      0.685207129    
  0.689752877       2.38923989E-02  0.513377905    
  0.882495403     -0.524739146      0.751288772    
  0.679582238     -0.253655523      0.918251634    
  0.128635392      0.170940071      0.862225890    
  0.113478094      -3.48078683E-02  0.963160634    
  0.875657916     -0.299600601      0.343208164    
  0.535642564     -0.131127045      0.953629315    
  0.361226916      -4.71893512E-02  0.968683839    
  0.666052938     -0.238996625      0.925867677    
  0.458577394      -8.51669088E-02  0.964699328    
  0.473722816      0.204675451      0.696485281    
  0.112402096      0.159350634      0.868232131    
  0.389874488      -5.58103509E-02  0.968504727    
  0.599759459     -0.178564429      0.942708611    
  0.611277699     -0.188112661      0.940227330    
  0.937360883     -0.446758986      0.322720081    
  0.252930820      -3.10290977E-02  0.967830300    
  0.203034192      0.211314961      0.828123987    
  0.667856753       5.10780141E-02  0.537170827    
  0.292704642      -3.41289192E-02  0.969913423    
  0.531458080     -0.128413901      0.953749478    
  0.733527124      -3.67515609E-02  0.442281425    
  0.992016315     -0.633659363      0.424445450    
  0.588100791     -0.169188336      0.945158124    
  0.916233063     -0.580100060      0.693147421    
  0.732253075     -0.313587308      0.892768919    
  0.618878245     -0.194571316      0.938843369    
  0.991531134     -0.591488600      0.291938394    
  0.336955249      -4.14778925E-02  0.970280468    
   6.79909438E-02  0.119339541      0.896119475    
   5.38038909E-02  -3.82065810E-02  0.960265756    
  0.702955365     -0.279585540      0.906797528    
  0.861042500     -0.491101444      0.781231999    
  0.427161068      -6.99631870E-02  0.967437685    
  0.580231428     -0.163060039      0.946588635    
  0.997900724     -0.620091438      0.128299639    
  0.346679807      -4.36956584E-02  0.968849719    
  0.233013943      -2.99300104E-02  0.968130648    
  0.754121959     -0.340795755      0.878339171    
  0.626400530     -0.201121062      0.937187314    
  0.893034697     -0.541676164      0.736362517    
  0.662613273     -0.235385537      0.927865744    
  0.895762205     -0.345239371      0.339309871    
  0.923778534     -0.593019247      0.671667099    
   6.87542260E-02  -3.84797119E-02  0.959899068    
  0.695823669       1.59784574E-02  0.505725920    
  0.852810502     -0.249726802      0.336386144    
  0.408315420      0.228728414      0.716658533    
  0.149684921      0.184300900      0.854006052    
  0.572291613     -0.157023191      0.948140383    
  0.317399591      -3.75524499E-02  0.970621169    
  0.671062827       4.72580865E-02  0.529628158    
  0.633855820     -0.207747027      0.935215294    
  0.741751254     -0.325146794      0.887208700    
  0.975095868     -0.544452786      0.311180770    
  0.634523988       8.81624967E-02  0.566785157    
  0.476148486      -9.46102068E-02  0.961996675    
  0.847294092     -0.470298797      0.799486816    
  0.772449851     -0.364448547      0.865184367    
  0.686283588     -0.261043191      0.913979352    
  0.891802013     -0.336084992      0.339489400    
  0.989904583     -0.586781979      0.251567453    
  0.729048848     -0.309765726      0.893376946    
  0.302607596      -3.53158191E-02  0.970064759    
  0.966108680     -0.645233512      0.311416835    
  0.877187669     -0.516294420      0.759538233    
  0.207642853      0.213220283      0.825270891    
  0.641244113     -0.214447498      0.933556974    
  0.188141376      -3.02291662E-02  0.966623068    
  0.322308421      -3.84317562E-02  0.970304728    
  0.719336271     -0.298385739      0.898313761    
  0.869159579     -0.503669381      0.770868421    
   9.85791087E-02  -3.61667499E-02  0.962593019    
  0.890414417     -0.537432909      0.740157068    
  0.279537618      0.233190551      0.787594795    
  0.403472304      0.229917228      0.718066633    
   2.61028912E-02   6.99318871E-02  0.916526079    
  0.669465363     -0.242633402      0.923735559    
  0.223043039      -2.96852738E-02  0.969034791    
  0.871846199     -0.507871032      0.767393053    
  0.441654921      0.218429446      0.705649853    
  0.454148948      -8.28734040E-02  0.965293705    
  0.385134161      -5.42610623E-02  0.968623102    
  0.769409299     -0.360495508      0.866991937    
  0.132783368      0.173708558      0.860705018    
  0.393724173      0.232023403      0.720572352    
  0.422575802      -6.80021793E-02  0.967846930    
  0.297659755      -3.46921384E-02  0.970582068    
  0.592005968     -0.172290012      0.944393575    
  0.603612185     -0.181730986      0.941844106    
  0.595891535     -0.175416321      0.943550408    
  0.607451797     -0.184913591      0.940987349    
  0.939206481     -0.451392055      0.323715538    
  0.398608685      0.231018871      0.718732715    
  0.116402447      0.162328392      0.866660714    
  0.257905126      -3.13863792E-02  0.967567861    
  0.527258694     -0.125723839      0.953390837    
  0.918764591     -0.584396958      0.687343001    
  0.584175587     -0.166112065      0.945936501    
  0.751057625     -0.336861134      0.881281137    
  0.332084775      -4.04058397E-02  0.970333040    
  0.615087390     -0.191330940      0.939542711    
  0.735438883     -0.317424208      0.890894949    
  0.677384734       3.95434424E-02  0.521554112    
  0.736309052      -4.08906564E-02  0.436118335    
  0.237996861      -3.01326104E-02  0.967986882    
  0.863757133     -0.495284975      0.777559459    
  0.198450774      0.209349662      0.831375062    
  0.885141253     -0.528966546      0.747291923    
  0.576269746     -0.160030797      0.947362006    
  0.829007030     -0.200302720      0.289474994    
   7.14593679E-02  0.122922964      0.894017160    
  0.622648954     -0.197835192      0.938097298    
  0.341818929      -4.25805114E-02  0.969835818    
  0.757178307     -0.344736576      0.875517786    
  0.984822631     -0.640470207      0.444702029    
  0.312478721      -3.67431976E-02  0.970734239    
  0.926272929     -0.597337782      0.662985265    
  0.955469847     -0.493225336      0.313374639    
  0.568297505     -0.154036865      0.948978066    
  0.471777827      -9.22084451E-02  0.962315023    
  0.738605261     -0.321277142      0.889005721    
  0.895639181     -0.545929193      0.732350230    
  0.698832750       1.20014288E-02  0.502044141    
  0.630135417     -0.204425901      0.936213732    
  0.976861000     -0.549117029      0.310834438    
  0.854907513     -0.254251570      0.336347699    
  0.228029162      -2.97807250E-02  0.968524575    
  0.327203453      -3.93847898E-02  0.970085740    
  0.775472283     -0.368415415      0.863886714    
  0.307547569      -3.59990448E-02  0.969991148    
  0.153985381      0.186826035      0.852134466    
  0.525808752      0.175259680      0.687146664    
  0.674237847       4.34122756E-02  0.524760306    
  0.980560899     -0.643027544      0.454676449    
  0.637560606     -0.211085498      0.934358716    
  0.835850239     -0.453960538      0.798163176    
  0.887781978     -0.533197165      0.743841052    
   7.37371072E-02  -3.82848606E-02  0.959860265    
  0.689636111     -0.264735311      0.911967993    
  0.103541777      -3.56737450E-02  0.962680280    
  0.413139224      0.227463171      0.715429544    
  0.637971044       8.45584869E-02  0.564998090    
  0.193125427      -3.00544724E-02  0.966369927    
  0.893784404     -0.340661198      0.339296490    
  0.725827157     -0.305958927      0.894899487    
  0.644898653     -0.217840925      0.932672918    
   2.05656532E-02   6.16379529E-02  0.920264304    
