   2.53576087E-03  -1.34137633E-06  0.940067232    
   2.51256279E-03  0.300000012      0.941001356    
   7.60728540E-03  -6.58955241E-06  0.940044343    
   7.53768813E-03  0.300000012      0.941001356    
   1.26788244E-02  -1.68013576E-05  0.940052330    
   1.25628142E-02  0.300000012      0.941001058    
   1.77503452E-02  -3.16528603E-05  0.940075934    
   1.75879393E-02  0.300000012      0.941000760    
   2.28218436E-02  -5.08404191E-05  0.940110326    
   2.26130653E-02  0.300000012      0.941000044    
   2.78933384E-02  -7.40785326E-05  0.940153062    
   2.76381914E-02  0.300000012      0.940999091    
   3.29648033E-02  -1.01097801E-04  0.940202475    
   3.26633155E-02  0.300000012      0.940998018    
   3.80362496E-02  -1.31643552E-04  0.940257370    
   3.76884416E-02  0.300000012      0.940996706    
   4.31076773E-02  -1.65474281E-04  0.940317392    
   4.27135676E-02  0.300000012      0.940994978    
   4.81790826E-02  -2.02360272E-04  0.940381467    
   4.77386937E-02  0.300000012      0.940992951    
   5.32504730E-02  -2.42082446E-04  0.940449297    
   5.27638197E-02  0.300000012      0.940990567    
   5.83218411E-02  -2.84431415E-04  0.940520406    
   5.77889457E-02  0.300000012      0.940987825    
   6.33931905E-02  -3.29206436E-04  0.940594256    
   6.28140718E-02  0.300000012      0.940984666    
   6.84645176E-02  -3.76214419E-04  0.940671027    
   6.78391904E-02  0.300000012      0.940981150    
   7.35358149E-02  -4.25269391E-04  0.940750062    
   7.28643239E-02  0.300000012      0.940977156    
   7.86071047E-02  -4.76191810E-04  0.940831423    
   7.78894424E-02  0.300000012      0.940972626    
   8.36783797E-02  -5.28807577E-04  0.940915227    
   8.29145759E-02  0.300000012      0.940967679    
   8.87496248E-02  -5.82947512E-04  0.941000700    
   8.79396945E-02  0.300000012      0.940961957    
   9.38208699E-02  -6.38447003E-04  0.941088140    
   9.29648280E-02  0.300000012      0.940955877    
   9.88920927E-02  -6.95145223E-04  0.941177487    
   9.79899466E-02  0.300000012      0.940949023    
  0.103963301      -7.52884778E-04  0.941268504    
  0.103015080      0.300000012      0.940941393    
  0.109034508      -8.11511185E-04  0.941361189    
  0.108040199      0.300000012      0.940933049    
  0.114105701      -8.70872405E-04  0.941455483    
  0.113065332      0.300000012      0.940923929    
  0.119176894      -9.30818263E-04  0.941551745    
  0.118090451      0.300000012      0.940913916    
  0.124248073      -9.91200330E-04  0.941649497    
  0.123115584      0.300000012      0.940902948    
  0.129319251      -1.05187134E-03  0.941748857    
  0.128140703      0.300000012      0.940890908    
  0.134390444      -1.11268472E-03  0.941850007    
  0.133165836      0.300000012      0.940877855    
  0.139461607      -1.17349427E-03  0.941952646    
  0.138190955      0.300000012      0.940863669    
  0.144532800      -1.23415398E-03  0.942056954    
  0.143216074      0.300000012      0.940848291    
  0.149603963      -1.29451707E-03  0.942163527    
  0.148241207      0.300000012      0.940831482    
  0.154675156      -1.35443639E-03  0.942271650    
  0.153266340      0.300000012      0.940813601    
  0.159746349      -1.41376327E-03  0.942381680    
  0.158291459      0.300000012      0.940794230    
  0.164817572      -1.47234753E-03  0.942493677    
  0.163316578      0.300000012      0.940773129    
  0.169888780      -1.53003703E-03  0.942607701    
  0.168341711      0.300000012      0.940750360    
  0.174960002      -1.58667716E-03  0.942723989    
  0.173366845      0.300000012      0.940726101    
  0.180031240      -1.64211029E-03  0.942842305    
  0.178391963      0.300000012      0.940699995    
  0.185102493      -1.69617543E-03  0.942963243    
  0.183417082      0.300000012      0.940672159    
  0.190173760      -1.74870761E-03  0.943086445    
  0.188442200      0.300000012      0.940642416    
  0.195245057      -1.79953780E-03  0.943212330    
  0.193467334      0.300000012      0.940610468    
  0.200316355      -1.84849149E-03  0.943340898    
  0.198492467      0.300000012      0.940576673    
  0.205387682      -1.89538859E-03  0.943472624    
  0.203517586      0.300000012      0.940540612    
  0.210459024      -1.94004271E-03  0.943607271    
  0.208542705      0.300000012      0.940502286    
  0.215530396      -1.98226073E-03  0.943745255    
  0.213567838      0.300000012      0.940461695    
  0.220601767      -2.02184147E-03  0.943886817    
  0.218592972      0.300000012      0.940418482    
  0.225673169      -2.05857493E-03  0.944032013    
  0.223618090      0.300000012      0.940372765    
  0.230744600      -2.09224131E-03  0.944181204    
  0.228643209      0.300000012      0.940324605    
  0.235816061      -2.12261081E-03  0.944334567    
  0.233668342      0.300000012      0.940273821    
  0.240887552      -2.14944081E-03  0.944492400    
  0.238693476      0.300000012      0.940220416    
  0.245959029      -2.17247615E-03  0.944655061    
  0.243718594      0.300000012      0.940164030    
  0.251030535      -2.19144649E-03  0.944823027    
  0.248743713      0.300000012      0.940104902    
  0.256102055      -2.20606569E-03  0.944996417    
  0.253768861      0.300000012      0.940042734    
  0.261173606      -2.21602875E-03  0.945175588    
  0.258793950      0.300000012      0.939977586    
  0.266245127      -2.22101109E-03  0.945361257    
  0.263819098      0.300000012      0.939909518    
  0.271316677      -2.22066464E-03  0.945553899    
  0.268844247      0.300000012      0.939838231    
  0.276388228      -2.21461616E-03  0.945753813    
  0.273869336      0.300000012      0.939763665    
  0.281459749      -2.20246403E-03  0.945961714    
  0.278894484      0.300000012      0.939686060    
  0.286531240      -2.18377402E-03  0.946178257    
  0.283919573      0.300000012      0.939605355    
  0.291602731      -2.15807511E-03  0.946404219    
  0.288944721      0.300000012      0.939521134    
  0.296674132      -2.12485483E-03  0.946640432    
  0.293969870      0.300000012      0.939433873    
  0.301745504      -2.08355347E-03  0.946887553    
  0.298994958      0.300000012      0.939343274    
  0.306816816      -2.03355681E-03  0.947146714    
  0.304020107      0.300000012      0.939249337    
  0.311888009      -1.97418779E-03  0.947418988    
  0.309045225      0.300000012      0.939152360    
  0.316959083      -1.90469716E-03  0.947705865    
  0.314070344      0.300000012      0.939052165    
  0.322029948      -1.82425103E-03  0.948008597    
  0.319095492      0.300000012      0.938948870    
  0.327100664      -1.73191645E-03  0.948328614    
  0.324120581      0.300000012      0.938842535    
  0.332171112      -1.62664382E-03  0.948668063    
  0.329145730      0.300000012      0.938733160    
  0.337241232      -1.50724407E-03  0.949029267    
  0.334170878      0.300000012      0.938620865    
  0.342310965      -1.37236086E-03  0.949414372    
  0.339195967      0.300000012      0.938505709    
  0.347380221      -1.22043421E-03  0.949826777    
  0.344221115      0.300000012      0.938387930    
  0.352448910      -1.04965677E-03  0.950269997    
  0.349246234      0.300000012      0.938267827    
  0.357516766      -8.57913634E-04  0.950748682    
  0.354271352      0.300000012      0.938145399    
  0.362583697      -6.42697560E-04  0.951268792    
  0.359296501      0.300000012      0.938020945    
  0.367649496      -4.01002791E-04  0.951839209    
  0.364321589      0.300000012      0.937894583    
  0.372713715      -1.29165681E-04  0.952472508    
  0.369346738      0.300000012      0.937766612    
  0.377775490       1.83935495E-04  0.953230798    
  0.374371856      0.300000012      0.937637389    
  0.382833272       5.55469655E-04  0.953942895    
  0.379396975      0.300000012      0.937506974    
  0.387885451       9.96255316E-04  0.954488695    
  0.384422123      0.300000012      0.937375844    
  0.392930508       1.51209696E-03  0.954923570    
  0.389447212      0.300000012      0.937244534    
  0.397966444       2.10943073E-03  0.955255926    
  0.394472361      0.300000012      0.937113106    
  0.402991116       2.79537868E-03  0.955478728    
  0.399497509      0.300000012      0.936982214    
  0.408001602       3.57775483E-03  0.955575109    
  0.404522598      0.300000012      0.936852217    
  0.412994504       4.46504168E-03  0.955517411    
  0.409547746      0.300000012      0.936723351    
  0.417965710       5.46628516E-03  0.955265462    
  0.414572865      0.300000012      0.936596453    
  0.422910422       6.59083854E-03  0.954762042    
  0.419597983      0.300000012      0.936471581    
  0.427823037       7.84788374E-03  0.953930020    
  0.424623132      0.300000012      0.936349452    
  0.432697415       9.24557634E-03  0.952662706    
  0.429648221      0.300000012      0.936230600    
  0.437527299       1.07896915E-02  0.950810373    
  0.434673369      0.300000012      0.936115324    
  0.442307502       1.24815358E-02  0.948168695    
  0.439698517      0.300000012      0.936003983    
  0.447035253       1.43149830E-02  0.944465458    
  0.444723606      0.300000012      0.935897648    
  0.451713175       1.62726939E-02  0.939357042    
  0.449748755      0.300000012      0.935796499    
  0.456352055       1.83218718E-02  0.932453930    
  0.454773843      0.300000012      0.935700715    
  0.460973471       2.04106309E-02  0.923415720    
  0.459798992      0.300000012      0.935611010    
  0.465609193       2.24669129E-02  0.912173033    
  0.464824140      0.300000012      0.935527563    
  0.470295519       2.44027767E-02  0.899270773    
  0.469849229      0.300000012      0.935450673    
  0.475062579       2.61263438E-02  0.886111319    
  0.474874377      0.300000012      0.935380876    
  0.479923397       2.75599994E-02  0.874661326    
  0.479899496      0.300000012      0.935318232    
  0.484870493       2.86571458E-02  0.866524935    
  0.484924614      0.300000012      0.935262740    
  0.489882171       2.94081345E-02  0.862162173    
  0.489949763      0.300000012      0.935214937    
  0.494932652       2.98331976E-02  0.860951006    
  0.494974852      0.300000012      0.935174704    
  0.500000000       2.99682505E-02  0.861629844    
  0.500000000      0.300000012      0.935142279    
  0.505067348       2.98331976E-02  0.862665534    
  0.505025148      0.300000012      0.935118020    
  0.510117829       2.94081345E-02  0.864002168    
  0.510050237      0.300000012      0.935101748    
  0.515129447       2.86571458E-02  0.866884589    
  0.515075386      0.300000012      0.935093522    
  0.520076632       2.75599975E-02  0.871938586    
  0.520100474      0.300000012      0.935093224    
  0.524937391       2.61263438E-02  0.879308820    
  0.525125623      0.300000012      0.935100973    
  0.529704452       2.44027767E-02  0.888666570    
  0.530150771      0.300000012      0.935116529    
  0.534390807       2.24669129E-02  0.899234831    
  0.535175920      0.300000012      0.935139894    
  0.539026499       2.04106309E-02  0.909945250    
  0.540201008      0.300000012      0.935170889    
  0.543647945       1.83218718E-02  0.919775307    
  0.545226097      0.300000012      0.935209215    
  0.548286796       1.62726920E-02  0.928080201    
  0.550251245      0.300000012      0.935254872    
  0.552964747       1.43149830E-02  0.934671223    
  0.555276394      0.300000012      0.935307264    
  0.557692528       1.24815349E-02  0.939687073    
  0.560301542      0.300000012      0.935366452    
  0.562472701       1.07896905E-02  0.943403363    
  0.565326631      0.300000012      0.935432076    
  0.567302585       9.24557447E-03  0.946108460    
  0.570351720      0.300000012      0.935503542    
  0.572176933       7.84788281E-03  0.948047936    
  0.575376868      0.300000012      0.935580552    
  0.577089548       6.59083854E-03  0.949413121    
  0.580402017      0.300000012      0.935662568    
  0.582034230       5.46628516E-03  0.950350821    
  0.585427165      0.300000012      0.935749292    
  0.587005496       4.46504075E-03  0.950968683    
  0.590452254      0.300000012      0.935840070    
  0.591998398       3.57775437E-03  0.951342046    
  0.595477402      0.300000012      0.935934663    
  0.597008884       2.79537844E-03  0.951524198    
  0.600502491      0.300000012      0.936032534    
  0.602033496       2.10943050E-03  0.951553464    
  0.605527639      0.300000012      0.936133206    
  0.607069492       1.51209673E-03  0.951456010    
  0.610552788      0.300000012      0.936236203    
  0.612114549       9.96255083E-04  0.951249421    
  0.615577877      0.300000012      0.936341107    
  0.617166758       5.55469480E-04  0.950942636    
  0.620603025      0.300000012      0.936447442    
  0.622224569       1.83935364E-04  0.950536072    
  0.625628114      0.300000012      0.936554670    
  0.627286315      -1.29165783E-04  0.949981749    
  0.630653262      0.300000012      0.936662614    
  0.632350564      -4.01002879E-04  0.949374139    
  0.635678411      0.300000012      0.936770856    
  0.637416303      -6.42697676E-04  0.948866785    
  0.640703499      0.300000012      0.936878920    
  0.642483234      -8.57913692E-04  0.948413610    
  0.645728648      0.300000012      0.936986506    
  0.647551060      -1.04965689E-03  0.947999716    
  0.650753736      0.300000012      0.937093198    
  0.652619779      -1.22043421E-03  0.947617590    
  0.655778885      0.300000012      0.937198937    
  0.657689035      -1.37236097E-03  0.947262228    
  0.660804033      0.300000012      0.937303305    
  0.662758768      -1.50724407E-03  0.946930051    
  0.665829182      0.300000012      0.937406123    
  0.667828918      -1.62664382E-03  0.946618617    
  0.670854270      0.300000012      0.937507093    
  0.672899365      -1.73191645E-03  0.946325123    
  0.675879359      0.300000012      0.937606096    
  0.677970052      -1.82425103E-03  0.946047843    
  0.680904508      0.300000012      0.937702894    
  0.683040977      -1.90469716E-03  0.945785284    
  0.685929656      0.300000012      0.937797487    
  0.688112020      -1.97418779E-03  0.945536077    
  0.690954804      0.300000012      0.937889636    
  0.693183184      -2.03355681E-03  0.945298791    
  0.695979893      0.300000012      0.937978983    
  0.698254466      -2.08355370E-03  0.945072472    
  0.701005042      0.300000012      0.938065946    
  0.703325868      -2.12485483E-03  0.944856226    
  0.706030130      0.300000012      0.938150227    
  0.708397269      -2.15807511E-03  0.944649160    
  0.711055279      0.300000012      0.938231587    
  0.713468790      -2.18377402E-03  0.944450498    
  0.716080427      0.300000012      0.938310206    
  0.718540251      -2.20246403E-03  0.944259465    
  0.721105516      0.300000012      0.938386023    
  0.723611772      -2.21461616E-03  0.944075823    
  0.726130664      0.300000012      0.938458979    
  0.728683352      -2.22066464E-03  0.943898797    
  0.731155753      0.300000012      0.938529074    
  0.733754873      -2.22101109E-03  0.943727911    
  0.736180902      0.300000012      0.938596189    
  0.738826394      -2.21602875E-03  0.943562627    
  0.741206050      0.300000012      0.938660383    
  0.743897915      -2.20606569E-03  0.943402827    
  0.746231139      0.300000012      0.938721955    
  0.748969436      -2.19144649E-03  0.943247855    
  0.751256287      0.300000012      0.938780725    
  0.754040956      -2.17247615E-03  0.943097234    
  0.756281376      0.300000012      0.938836634    
  0.759112477      -2.14944081E-03  0.942951262    
  0.761306524      0.300000012      0.938889802    
  0.764183939      -2.12261081E-03  0.942809224    
  0.766331673      0.300000012      0.938940465    
  0.769255400      -2.09224131E-03  0.942671061    
  0.771356821      0.300000012      0.938988268    
  0.774326801      -2.05857493E-03  0.942536473    
  0.776381910      0.300000012      0.939033568    
  0.779398203      -2.02184147E-03  0.942405045    
  0.781406999      0.300000012      0.939076364    
  0.784469604      -1.98226073E-03  0.942277014    
  0.786432147      0.300000012      0.939116895    
  0.789541006      -1.94004271E-03  0.942151845    
  0.791457295      0.300000012      0.939155042    
  0.794612288      -1.89538859E-03  0.942029536    
  0.796482444      0.300000012      0.939190686    
  0.799683630      -1.84849149E-03  0.941910028    
  0.801507533      0.300000012      0.939224184    
  0.804754972      -1.79953780E-03  0.941793025    
  0.806532681      0.300000012      0.939255655    
  0.809826255      -1.74870761E-03  0.941678584    
  0.811557770      0.300000012      0.939284861    
  0.814897537      -1.69617543E-03  0.941566408    
  0.816582918      0.300000012      0.939312041    
  0.819968760      -1.64211029E-03  0.941456437    
  0.821608067      0.300000012      0.939337194    
  0.825039983      -1.58667716E-03  0.941348672    
  0.826633155      0.300000012      0.939360738    
  0.830111265      -1.53003703E-03  0.941243112    
  0.831658304      0.300000012      0.939382374    
  0.835182428      -1.47234742E-03  0.941139460    
  0.836683393      0.300000012      0.939402342    
  0.840253651      -1.41376327E-03  0.941037774    
  0.841708541      0.300000012      0.939420462    
  0.845324874      -1.35443639E-03  0.940938115    
  0.846733689      0.300000012      0.939437151    
  0.850396037      -1.29451707E-03  0.940840364    
  0.851758778      0.300000012      0.939452291    
  0.855467200      -1.23415398E-03  0.940744519    
  0.856783926      0.300000012      0.939466059    
  0.860538363      -1.17349427E-03  0.940650403    
  0.861809015      0.300000012      0.939478219    
  0.865609586      -1.11268472E-03  0.940558195    
  0.866834164      0.300000012      0.939489305    
  0.870680749      -1.05187134E-03  0.940467775    
  0.871859312      0.300000012      0.939499140    
  0.875751913      -9.91200330E-04  0.940379083    
  0.876884460      0.300000012      0.939507723    
  0.880823135      -9.30818263E-04  0.940292478    
  0.881909549      0.300000012      0.939515233    
  0.885894299      -8.70872405E-04  0.940207779    
  0.886934638      0.300000012      0.939521730    
  0.890965462      -8.11511185E-04  0.940125048    
  0.891959786      0.300000012      0.939527273    
  0.896036744      -7.52884778E-04  0.940044224    
  0.896984935      0.300000012      0.939531624    
  0.901107907      -6.95145223E-04  0.939965844    
  0.902010083      0.300000012      0.939535439    
  0.906179130      -6.38447003E-04  0.939889550    
  0.907035172      0.300000012      0.939538300    
  0.911250353      -5.82947512E-04  0.939815640    
  0.912060261      0.300000012      0.939540327    
  0.916321635      -5.28807577E-04  0.939744413    
  0.917085409      0.300000012      0.939541757    
  0.921392918      -4.76191810E-04  0.939675868    
  0.922110558      0.300000012      0.939542592    
  0.926464200      -4.25269391E-04  0.939610064    
  0.927135706      0.300000012      0.939542830    
  0.931535482      -3.76214390E-04  0.939547777    
  0.932160795      0.300000012      0.939542234    
  0.936606765      -3.29206407E-04  0.939489007    
  0.937185943      0.300000012      0.939541399    
  0.941678166      -2.84431415E-04  0.939434111    
  0.942211032      0.300000012      0.939539850    
  0.946749568      -2.42082446E-04  0.939383745    
  0.947236180      0.300000012      0.939538121    
  0.951820910      -2.02360272E-04  0.939338148    
  0.952261329      0.300000012      0.939535856    
  0.956892312      -1.65474281E-04  0.939297974    
  0.957286417      0.300000012      0.939533353    
  0.961963773      -1.31643552E-04  0.939264417    
  0.962311566      0.300000012      0.939530313    
  0.967035174      -1.01097801E-04  0.939238310    
  0.967336655      0.300000012      0.939527154    
  0.972106695      -7.40785326E-05  0.939220846    
  0.972361803      0.300000012      0.939523757    
  0.977178156      -5.08404191E-05  0.939213812    
  0.977386951      0.300000012      0.939520001    
  0.982249618      -3.16528603E-05  0.939219534    
  0.982412100      0.300000012      0.939516127    
  0.987321138      -1.68013576E-05  0.939241171    
  0.987437189      0.300000012      0.939512074    
  0.992392719      -6.58955241E-06  0.939283311    
  0.992462277      0.300000012      0.939508021    
  0.997464240      -1.34137633E-06  0.939353287    
  0.997487426      0.300000012      0.939503789    
