   2.04128167E-03   1.28825856E-02  0.973886311    
  0.702747107     -0.279404968      0.905478239    
  0.282464206      0.233471364      0.801843047    
  0.689585209     -0.264689267      0.912369668    
   2.41508037E-02   6.67170882E-02  0.923494458    
  0.728576660     -0.309270263      0.890559256    
  0.950315833     -0.635169864      0.389946193    
  0.341511309      0.237066448      0.781935155    
  0.589136243     -0.170081586      0.939261734    
  0.912409425     -0.384854198      0.325484872    
  0.380833924      0.234017789      0.754636705    
  0.558703423      0.152941972      0.679448187    
  0.243844613      0.225501254      0.818731248    
  0.845700681     -0.468078017      0.790864348    
  0.302078456      0.235648423      0.797737658    
  0.605145216      0.116231956      0.625811636    
   4.84069288E-02   9.78181213E-02  0.911868036    
  0.188475937      0.204718262      0.845494151    
  0.834414840     -0.451879859      0.795225680    
  0.153507382      0.186424896      0.859022677    
  0.574564934      0.141188130      0.668814838    
  0.731930137      -3.44502479E-02  0.437213212    
  0.794320226     -0.135115504      0.355264604    
  0.839890361     -0.222661823      0.346000969    
  0.919147432     -0.585122764      0.673077047    
  0.633664012       8.89464319E-02  0.592762411    
  0.660292864       5.98003566E-02  0.564594924    
  0.673056901       4.47406769E-02  0.538198233    
  0.753506064      -6.75178841E-02  0.395166844    
  0.742851615      -5.08966520E-02  0.413219333    
  0.619672537      0.102869749      0.609470904    
  0.647168696       7.45482892E-02  0.579925537    
  0.784477592     -0.118001208      0.367381513    
  0.526006043      0.175060391      0.696906328    
  0.831245661     -0.204911634      0.348165244    
  0.590087533      0.128993705      0.645048738    
  0.848418057     -0.240468502      0.344813108    
  0.542526960      0.164255366      0.689286888    
  0.474467278      0.204176784      0.712190032    
  0.715746164     -0.294264913      0.897753119    
  0.823277235     -0.435582101      0.818960071    
  0.456526488      0.212394655      0.716606975    
  0.881312191     -0.312263846      0.337499231    
  0.438137591      0.219547927      0.727734983    
  0.400238633      0.230480373      0.742619395    
  0.419352889      0.225589782      0.735425532    
  0.361221969      0.236166015      0.770005643    
  0.812262952     -0.419198304      0.831782699    
  0.873233438     -0.294248939      0.339451283    
  0.929073453     -0.602189541      0.645363867    
  0.856789231     -0.258349061      0.340730309    
  0.865048409     -0.276282072      0.340823919    
  0.897128642     -0.348444402      0.332367957    
  0.321777910      0.236848816      0.790530682    
  0.909058213     -0.568152308      0.695144355    
  0.889279246     -0.330328375      0.334398955    
  0.803904474     -0.152375907      0.353899628    
  0.169309318      -3.11554000E-02  0.957210124    
  0.263017207      0.230146229      0.809158087    
  0.206550330      0.212643236      0.837429583    
  0.904833615     -0.366622061      0.327262670    
   5.91200590E-03   3.18812765E-02  0.956342816    
  0.977294207     -0.550267935      0.313566536    
   7.08636492E-02  -3.81990746E-02  0.955808759    
   6.16176836E-02  0.112485901      0.903646708    
   1.39908604E-02   4.98298928E-02  0.939562917    
   5.12020960E-02  -3.75072733E-02  0.961669028    
  0.919919729     -0.403113425      0.324513555    
  0.170789003      0.195958674      0.851832747    
   7.53203779E-02  0.126694173      0.893658757    
   3.57959792E-02   8.26368630E-02  0.916717112    
  0.149603307      -3.23653147E-02  0.956709981    
  0.856687784     -0.484480441      0.781585515    
  0.898847103     -0.551254451      0.718111634    
  0.963226557     -0.513371825      0.315201610    
  0.970285892     -0.531810164      0.314463854    
  0.888523042     -0.534425735      0.734869421    
  0.753433466     -0.339946568      0.879656434    
  0.984173059     -0.568771303      0.307946533    
   3.23556252E-02  -3.26644816E-02  0.976156831    
  0.949055672     -0.476515114      0.315468013    
   5.61411818E-03  -5.84056368E-03  0.994756281    
  0.956139922     -0.494943917      0.314645261    
  0.966268182     -0.643778205      0.336899728    
  0.927309811     -0.421421409      0.320006043    
  0.938994408     -0.619259119      0.603784084    
  0.509151459      0.185335949      0.702489793    
   1.64631903E-02  -2.18334757E-02   1.00158346    
  0.619566679     -0.195237592      0.932401955    
  0.995254993     -0.624823928      0.264996946    
  0.604482770     -0.182500690      0.936538517    
  0.524879217     -0.124245808      0.950495780    
  0.208766252      -2.97607519E-02  0.960420907    
  0.789296865     -0.387080431      0.851918578    
  0.648840547     -0.221724764      0.928041518    
  0.573517084     -0.158007771      0.941504419    
  0.189030647      -3.02444734E-02  0.959993005    
  0.741153359     -0.324488163      0.883630335    
  0.634384274     -0.208283246      0.929681897    
  0.662793577     -0.235686034      0.925780416    
  0.491327107     -0.103430867      0.954099953    
  0.345941722      -4.35518920E-02  0.960786402    
  0.474202305      -9.36122388E-02  0.957460463    
  0.800894380     -0.403058529      0.840462446    
  0.676293612     -0.250090122      0.920179963    
  0.508176923     -0.113718241      0.952492058    
  0.228504702      -2.98912115E-02  0.960146487    
  0.248223990      -3.07710357E-02  0.960329950    
  0.439112842      -7.55261108E-02  0.960249364    
  0.813261032     -0.169761106      0.354672074    
  0.421083093      -6.74996078E-02  0.961388886    
  0.384008229      -5.39687350E-02  0.962691724    
  0.365085006      -4.83613685E-02  0.960941553    
  0.402688205      -6.03475049E-02  0.959929407    
  0.456792593      -8.43051374E-02  0.958850205    
  0.104618102      0.153116912      0.875435770    
  0.774356246     -0.101050466      0.377833307    
  0.697484553       1.37227718E-02  0.502760768    
   8.96100998E-02  0.140306622      0.883303881    
  0.867443919     -0.501036406      0.767002165    
  0.765550494     -0.355534434      0.868914068    
  0.120345786      0.165034980      0.868870795    
  0.878047645     -0.517690539      0.751743019    
  0.720737100      -1.81869566E-02  0.458722860    
  0.822391033     -0.187266022      0.353657275    
  0.287596583      -3.37228142E-02  0.959829390    
  0.225012839      0.219610900      0.828331590    
  0.491980433      0.195074737      0.707875133    
  0.777537942     -0.371221423      0.861158013    
  0.996148825     -0.606219888      0.260902345    
  0.934596181     -0.439771235      0.318872035    
  0.557624757     -0.146295667      0.945708811    
  0.129903480      -3.36781554E-02  0.957307458    
  0.763999343      -8.42419416E-02  0.385777414    
  0.267922699      -3.20940390E-02  0.959683537    
  0.326643109      -3.94004844E-02  0.961766303    
  0.685433030       2.93601044E-02  0.518990159    
  0.541411519     -0.135035276      0.948882997    
  0.941872895     -0.458124876      0.319889188    
  0.990631461     -0.587401867      0.291116923    
  0.709260821      -2.12305808E-03  0.483909875    
  0.307193309      -3.60625498E-02  0.961443007    
   9.05529633E-02  -3.69170234E-02  0.955780625    
  0.136674985      0.176119238      0.863210440    
  0.110216707      -3.51564512E-02  0.956536591    
  0.983900785     -0.639482975      0.410395831    
