   2.53576087E-03  -1.34137633E-06  0.942525148    
   2.51256279E-03  0.300000012      0.943154871    
   7.60728540E-03  -6.58955241E-06  0.942449212    
   7.53768813E-03  0.300000012      0.943153799    
   1.26788244E-02  -1.68013576E-05  0.942398190    
   1.25628142E-02  0.300000012      0.943152487    
   1.77503452E-02  -3.16528603E-05  0.942375422    
   1.75879393E-02  0.300000012      0.943150818    
   2.28218436E-02  -5.08404191E-05  0.942373812    
   2.26130653E-02  0.300000012      0.943149030    
   2.78933384E-02  -7.40785326E-05  0.942387819    
   2.76381914E-02  0.300000012      0.943146944    
   3.29648033E-02  -1.01097801E-04  0.942413568    
   3.26633155E-02  0.300000012      0.943144619    
   3.80362496E-02  -1.31643552E-04  0.942448854    
   3.76884416E-02  0.300000012      0.943142176    
   4.31076773E-02  -1.65474281E-04  0.942491591    
   4.27135676E-02  0.300000012      0.943139374    
   4.81790826E-02  -2.02360272E-04  0.942540586    
   4.77386937E-02  0.300000012      0.943136513    
   5.32504730E-02  -2.42082446E-04  0.942594826    
   5.27638197E-02  0.300000012      0.943133175    
   5.83218411E-02  -2.84431415E-04  0.942653894    
   5.77889457E-02  0.300000012      0.943129599    
   6.33931905E-02  -3.29206436E-04  0.942716658    
   6.28140718E-02  0.300000012      0.943125546    
   6.84645176E-02  -3.76214419E-04  0.942782998    
   6.78391904E-02  0.300000012      0.943121195    
   7.35358149E-02  -4.25269391E-04  0.942852437    
   7.28643239E-02  0.300000012      0.943116307    
   7.86071047E-02  -4.76191810E-04  0.942924798    
   7.78894424E-02  0.300000012      0.943111062    
   8.36783797E-02  -5.28807577E-04  0.942999899    
   8.29145759E-02  0.300000012      0.943105042    
   8.87496248E-02  -5.82947512E-04  0.943077207    
   8.79396945E-02  0.300000012      0.943098664    
   9.38208699E-02  -6.38447003E-04  0.943156660    
   9.29648280E-02  0.300000012      0.943091512    
   9.88920927E-02  -6.95145223E-04  0.943238378    
   9.79899466E-02  0.300000012      0.943083882    
  0.103963301      -7.52884778E-04  0.943322003    
  0.103015080      0.300000012      0.943075120    
  0.109034508      -8.11511185E-04  0.943407595    
  0.108040199      0.300000012      0.943065763    
  0.114105701      -8.70872405E-04  0.943494916    
  0.113065332      0.300000012      0.943055451    
  0.119176894      -9.30818263E-04  0.943584085    
  0.118090451      0.300000012      0.943044305    
  0.124248073      -9.91200330E-04  0.943675160    
  0.123115584      0.300000012      0.943032205    
  0.129319251      -1.05187134E-03  0.943767846    
  0.128140703      0.300000012      0.943018973    
  0.134390444      -1.11268472E-03  0.943862259    
  0.133165836      0.300000012      0.943004727    
  0.139461607      -1.17349427E-03  0.943958819    
  0.138190955      0.300000012      0.942989290    
  0.144532800      -1.23415398E-03  0.944056749    
  0.143216074      0.300000012      0.942972481    
  0.149603963      -1.29451707E-03  0.944156468    
  0.148241207      0.300000012      0.942954361    
  0.154675156      -1.35443639E-03  0.944258034    
  0.153266340      0.300000012      0.942935109    
  0.159746349      -1.41376327E-03  0.944361746    
  0.158291459      0.300000012      0.942914546    
  0.164817572      -1.47234753E-03  0.944467306    
  0.163316578      0.300000012      0.942892313    
  0.169888780      -1.53003703E-03  0.944574893    
  0.168341711      0.300000012      0.942868471    
  0.174960002      -1.58667716E-03  0.944684565    
  0.173366845      0.300000012      0.942842901    
  0.180031240      -1.64211029E-03  0.944796383    
  0.178391963      0.300000012      0.942815542    
  0.185102493      -1.69617543E-03  0.944910645    
  0.183417082      0.300000012      0.942786276    
  0.190173760      -1.74870761E-03  0.945027113    
  0.188442200      0.300000012      0.942755282    
  0.195245057      -1.79953780E-03  0.945146024    
  0.193467334      0.300000012      0.942722142    
  0.200316355      -1.84849149E-03  0.945267498    
  0.198492467      0.300000012      0.942687094    
  0.205387682      -1.89538859E-03  0.945391953    
  0.203517586      0.300000012      0.942649662    
  0.210459024      -1.94004271E-03  0.945519209    
  0.208542705      0.300000012      0.942610085    
  0.215530396      -1.98226073E-03  0.945649445    
  0.213567838      0.300000012      0.942568064    
  0.220601767      -2.02184147E-03  0.945783079    
  0.218592972      0.300000012      0.942523420    
  0.225673169      -2.05857493E-03  0.945920050    
  0.223618090      0.300000012      0.942476332    
  0.230744600      -2.09224131E-03  0.946060598    
  0.228643209      0.300000012      0.942426741    
  0.235816061      -2.12261081E-03  0.946204960    
  0.233668342      0.300000012      0.942374289    
  0.240887552      -2.14944081E-03  0.946353674    
  0.238693476      0.300000012      0.942319214    
  0.245959029      -2.17247615E-03  0.946506798    
  0.243718594      0.300000012      0.942261159    
  0.251030535      -2.19144649E-03  0.946664572    
  0.248743713      0.300000012      0.942200124    
  0.256102055      -2.20606569E-03  0.946827531    
  0.253768861      0.300000012      0.942136049    
  0.261173606      -2.21602875E-03  0.946995974    
  0.258793950      0.300000012      0.942068875    
  0.266245127      -2.22101109E-03  0.947170079    
  0.263819098      0.300000012      0.941998720    
  0.271316677      -2.22066464E-03  0.947350740    
  0.268844247      0.300000012      0.941925168    
  0.276388228      -2.21461616E-03  0.947537839    
  0.273869336      0.300000012      0.941848397    
  0.281459749      -2.20246403E-03  0.947732389    
  0.278894484      0.300000012      0.941768289    
  0.286531240      -2.18377402E-03  0.947934866    
  0.283919573      0.300000012      0.941684961    
  0.291602731      -2.15807511E-03  0.948145688    
  0.288944721      0.300000012      0.941598177    
  0.296674132      -2.12485483E-03  0.948365927    
  0.293969870      0.300000012      0.941507936    
  0.301745504      -2.08355347E-03  0.948595941    
  0.298994958      0.300000012      0.941414297    
  0.306816816      -2.03355681E-03  0.948836863    
  0.304020107      0.300000012      0.941317201    
  0.311888009      -1.97418779E-03  0.949089766    
  0.309045225      0.300000012      0.941216767    
  0.316959083      -1.90469716E-03  0.949355543    
  0.314070344      0.300000012      0.941112816    
  0.322029948      -1.82425103E-03  0.949635446    
  0.319095492      0.300000012      0.941005647    
  0.327100664      -1.73191645E-03  0.949930787    
  0.324120581      0.300000012      0.940895140    
  0.332171112      -1.62664382E-03  0.950243294    
  0.329145730      0.300000012      0.940781415    
  0.337241232      -1.50724407E-03  0.950574934    
  0.334170878      0.300000012      0.940664589    
  0.342310965      -1.37236086E-03  0.950927317    
  0.339195967      0.300000012      0.940544724    
  0.347380221      -1.22043421E-03  0.951303065    
  0.344221115      0.300000012      0.940421700    
  0.352448910      -1.04965677E-03  0.951704800    
  0.349246234      0.300000012      0.940295994    
  0.357516766      -8.57913634E-04  0.952135503    
  0.354271352      0.300000012      0.940167725    
  0.362583697      -6.42697560E-04  0.952597737    
  0.359296501      0.300000012      0.940036893    
  0.367649496      -4.01002791E-04  0.953091204    
  0.364321589      0.300000012      0.939903975    
  0.372713715      -1.29165681E-04  0.953582823    
  0.369346738      0.300000012      0.939768612    
  0.377775490       1.83935495E-04  0.954337239    
  0.374371856      0.300000012      0.939631701    
  0.382833272       5.55469655E-04  0.955238104    
  0.379396975      0.300000012      0.939493001    
  0.387885451       9.96255316E-04  0.956000447    
  0.384422123      0.300000012      0.939353108    
  0.392930508       1.51209696E-03  0.956646681    
  0.389447212      0.300000012      0.939212263    
  0.397966444       2.10943073E-03  0.957197487    
  0.394472361      0.300000012      0.939070642    
  0.402991116       2.79537868E-03  0.957660139    
  0.399497509      0.300000012      0.938928664    
  0.408001602       3.57775483E-03  0.958030462    
  0.404522598      0.300000012      0.938786745    
  0.412994504       4.46504168E-03  0.958294690    
  0.409547746      0.300000012      0.938645005    
  0.417965710       5.46628516E-03  0.958428919    
  0.414572865      0.300000012      0.938504159    
  0.422910422       6.59083854E-03  0.958396077    
  0.419597983      0.300000012      0.938364446    
  0.427823037       7.84788374E-03  0.958141744    
  0.424623132      0.300000012      0.938226163    
  0.432697415       9.24557634E-03  0.957587004    
  0.429648221      0.300000012      0.938089967    
  0.437527299       1.07896915E-02  0.956615567    
  0.434673369      0.300000012      0.937956154    
  0.442307502       1.24815358E-02  0.955060720    
  0.439698517      0.300000012      0.937825263    
  0.447035253       1.43149830E-02  0.952685118    
  0.444723606      0.300000012      0.937697530    
  0.451713175       1.62726939E-02  0.949164987    
  0.449748755      0.300000012      0.937573552    
  0.456352055       1.83218718E-02  0.944099069    
  0.454773843      0.300000012      0.937453508    
  0.460973471       2.04106309E-02  0.937073290    
  0.459798992      0.300000012      0.937338293    
  0.465609193       2.24669129E-02  0.927850366    
  0.464824140      0.300000012      0.937227786    
  0.470295519       2.44027767E-02  0.916678369    
  0.469849229      0.300000012      0.937122643    
  0.475062579       2.61263438E-02  0.904536545    
  0.474874377      0.300000012      0.937022984    
  0.479923397       2.75599994E-02  0.892993808    
  0.479899496      0.300000012      0.936929345    
  0.484870493       2.86571458E-02  0.883584142    
  0.484924614      0.300000012      0.936841726    
  0.489882171       2.94081345E-02  0.877171576    
  0.489949763      0.300000012      0.936760545    
  0.494932652       2.98331976E-02  0.873811185    
  0.494974852      0.300000012      0.936685801    
  0.500000000       2.99682505E-02  0.873097062    
  0.500000000      0.300000012      0.936617792    
  0.505067348       2.98331976E-02  0.873394251    
  0.505025148      0.300000012      0.936557055    
  0.510117829       2.94081345E-02  0.873427749    
  0.510050237      0.300000012      0.936503470    
  0.515129447       2.86571458E-02  0.873566389    
  0.515075386      0.300000012      0.936456919    
  0.520076632       2.75599975E-02  0.874430239    
  0.520100474      0.300000012      0.936417699    
  0.524937391       2.61263438E-02  0.876691937    
  0.525125623      0.300000012      0.936385930    
  0.529704452       2.44027767E-02  0.880916238    
  0.530150771      0.300000012      0.936361551    
  0.534390807       2.24669129E-02  0.887281537    
  0.535175920      0.300000012      0.936344385    
  0.539026499       2.04106309E-02  0.895397305    
  0.540201008      0.300000012      0.936334252    
  0.543647945       1.83218718E-02  0.904405832    
  0.545226097      0.300000012      0.936331511    
  0.548286796       1.62726920E-02  0.913332701    
  0.550251245      0.300000012      0.936335325    
  0.552964747       1.43149830E-02  0.921405911    
  0.555276394      0.300000012      0.936345875    
  0.557692528       1.24815349E-02  0.928215086    
  0.560301542      0.300000012      0.936363041    
  0.562472701       1.07896905E-02  0.933672071    
  0.565326631      0.300000012      0.936386347    
  0.567302585       9.24557447E-03  0.937894762    
  0.570351720      0.300000012      0.936415613    
  0.572176933       7.84788281E-03  0.941086590    
  0.575376868      0.300000012      0.936450243    
  0.577089548       6.59083854E-03  0.943463624    
  0.580402017      0.300000012      0.936490357    
  0.582034230       5.46628516E-03  0.945212901    
  0.585427165      0.300000012      0.936535299    
  0.587005496       4.46504075E-03  0.946484327    
  0.590452254      0.300000012      0.936585009    
  0.591998398       3.57775437E-03  0.947392404    
  0.595477402      0.300000012      0.936638772    
  0.597008884       2.79537844E-03  0.948022127    
  0.600502491      0.300000012      0.936696351    
  0.602033496       2.10943050E-03  0.948435903    
  0.605527639      0.300000012      0.936757386    
  0.607069492       1.51209673E-03  0.948679388    
  0.610552788      0.300000012      0.936821699    
  0.612114549       9.96255083E-04  0.948786795    
  0.615577877      0.300000012      0.936888516    
  0.617166758       5.55469480E-04  0.948787451    
  0.620603025      0.300000012      0.936957955    
  0.622224569       1.83935364E-04  0.948731661    
  0.625628114      0.300000012      0.937029481    
  0.627286315      -1.29165783E-04  0.948442876    
  0.630653262      0.300000012      0.937102616    
  0.632350564      -4.01002879E-04  0.947904229    
  0.635678411      0.300000012      0.937177241    
  0.637416303      -6.42697676E-04  0.947430074    
  0.640703499      0.300000012      0.937252760    
  0.642483234      -8.57913692E-04  0.947018266    
  0.645728648      0.300000012      0.937329113    
  0.647551060      -1.04965689E-03  0.946653783    
  0.650753736      0.300000012      0.937406123    
  0.652619779      -1.22043421E-03  0.946325421    
  0.655778885      0.300000012      0.937483251    
  0.657689035      -1.37236097E-03  0.946025431    
  0.660804033      0.300000012      0.937560320    
  0.662758768      -1.50724407E-03  0.945749044    
  0.665829182      0.300000012      0.937637091    
  0.667828918      -1.62664382E-03  0.945492089    
  0.670854270      0.300000012      0.937713444    
  0.672899365      -1.73191645E-03  0.945252180    
  0.675879359      0.300000012      0.937789083    
  0.677970052      -1.82425103E-03  0.945026517    
  0.680904508      0.300000012      0.937863648    
  0.683040977      -1.90469716E-03  0.944813669    
  0.685929656      0.300000012      0.937937379    
  0.688112020      -1.97418779E-03  0.944612145    
  0.690954804      0.300000012      0.938009799    
  0.693183184      -2.03355681E-03  0.944420636    
  0.695979893      0.300000012      0.938080907    
  0.698254466      -2.08355370E-03  0.944238007    
  0.701005042      0.300000012      0.938150465    
  0.703325868      -2.12485483E-03  0.944063485    
  0.706030130      0.300000012      0.938218415    
  0.708397269      -2.15807511E-03  0.943896234    
  0.711055279      0.300000012      0.938284636    
  0.713468790      -2.18377402E-03  0.943735540    
  0.716080427      0.300000012      0.938349187    
  0.718540251      -2.20246403E-03  0.943580925    
  0.721105516      0.300000012      0.938411832    
  0.723611772      -2.21461616E-03  0.943431914    
  0.726130664      0.300000012      0.938472509    
  0.728683352      -2.22066464E-03  0.943287909    
  0.731155753      0.300000012      0.938531339    
  0.733754873      -2.22101109E-03  0.943148434    
  0.736180902      0.300000012      0.938588083    
  0.738826394      -2.21602875E-03  0.943013430    
  0.741206050      0.300000012      0.938642740    
  0.743897915      -2.20606569E-03  0.942882180    
  0.746231139      0.300000012      0.938695490    
  0.748969436      -2.19144649E-03  0.942754686    
  0.751256287      0.300000012      0.938746095    
  0.754040956      -2.17247615E-03  0.942630529    
  0.756281376      0.300000012      0.938794732    
  0.759112477      -2.14944081E-03  0.942509592    
  0.761306524      0.300000012      0.938841105    
  0.764183939      -2.12261081E-03  0.942391455    
  0.766331673      0.300000012      0.938885510    
  0.769255400      -2.09224131E-03  0.942276239    
  0.771356821      0.300000012      0.938927770    
  0.774326801      -2.05857493E-03  0.942163408    
  0.776381910      0.300000012      0.938968241    
  0.779398203      -2.02184147E-03  0.942053139    
  0.781406999      0.300000012      0.939006627    
  0.784469604      -1.98226073E-03  0.941944897    
  0.786432147      0.300000012      0.939043105    
  0.789541006      -1.94004271E-03  0.941839039    
  0.791457295      0.300000012      0.939077497    
  0.794612288      -1.89538859E-03  0.941735208    
  0.796482444      0.300000012      0.939110100    
  0.799683630      -1.84849149E-03  0.941633165    
  0.801507533      0.300000012      0.939140916    
  0.804754972      -1.79953780E-03  0.941532910    
  0.806532681      0.300000012      0.939169943    
  0.809826255      -1.74870761E-03  0.941434503    
  0.811557770      0.300000012      0.939197183    
  0.814897537      -1.69617543E-03  0.941337645    
  0.816582918      0.300000012      0.939222753    
  0.819968760      -1.64211029E-03  0.941242516    
  0.821608067      0.300000012      0.939246714    
  0.825039983      -1.58667716E-03  0.941148818    
  0.826633155      0.300000012      0.939269125    
  0.830111265      -1.53003703E-03  0.941056550    
  0.831658304      0.300000012      0.939289868    
  0.835182428      -1.47234742E-03  0.940965772    
  0.836683393      0.300000012      0.939309418    
  0.840253651      -1.41376327E-03  0.940876424    
  0.841708541      0.300000012      0.939327300    
  0.845324874      -1.35443639E-03  0.940788388    
  0.846733689      0.300000012      0.939343989    
  0.850396037      -1.29451707E-03  0.940701723    
  0.851758778      0.300000012      0.939359128    
  0.855467200      -1.23415398E-03  0.940616369    
  0.856783926      0.300000012      0.939373314    
  0.860538363      -1.17349427E-03  0.940532327    
  0.861809015      0.300000012      0.939386427    
  0.865609586      -1.11268472E-03  0.940449774    
  0.866834164      0.300000012      0.939398050    
  0.870680749      -1.05187134E-03  0.940368593    
  0.871859312      0.300000012      0.939408839    
  0.875751913      -9.91200330E-04  0.940288603    
  0.876884460      0.300000012      0.939418554    
  0.880823135      -9.30818263E-04  0.940210104    
  0.881909549      0.300000012      0.939427197    
  0.885894299      -8.70872405E-04  0.940133035    
  0.886934638      0.300000012      0.939435065    
  0.890965462      -8.11511185E-04  0.940057516    
  0.891959786      0.300000012      0.939442098    
  0.896036744      -7.52884778E-04  0.939983606    
  0.896984935      0.300000012      0.939448297    
  0.901107907      -6.95145223E-04  0.939911485    
  0.902010083      0.300000012      0.939453661    
  0.906179130      -6.38447003E-04  0.939840853    
  0.907035172      0.300000012      0.939458489    
  0.911250353      -5.82947512E-04  0.939772248    
  0.912060261      0.300000012      0.939462602    
  0.916321635      -5.28807577E-04  0.939705670    
  0.917085409      0.300000012      0.939466119    
  0.921392918      -4.76191810E-04  0.939641297    
  0.922110558      0.300000012      0.939469397    
  0.926464200      -4.25269391E-04  0.939579427    
  0.927135706      0.300000012      0.939472020    
  0.931535482      -3.76214390E-04  0.939519942    
  0.932160795      0.300000012      0.939474046    
  0.936606765      -3.29206407E-04  0.939463437    
  0.937185943      0.300000012      0.939475954    
  0.941678166      -2.84431415E-04  0.939410031    
  0.942211032      0.300000012      0.939477563    
  0.946749568      -2.42082446E-04  0.939360440    
  0.947236180      0.300000012      0.939478934    
  0.951820910      -2.02360272E-04  0.939314604    
  0.952261329      0.300000012      0.939479887    
  0.956892312      -1.65474281E-04  0.939273417    
  0.957286417      0.300000012      0.939480901    
  0.961963773      -1.31643552E-04  0.939237654    
  0.962311566      0.300000012      0.939481795    
  0.967035174      -1.01097801E-04  0.939207792    
  0.967336655      0.300000012      0.939482629    
  0.972106695      -7.40785326E-05  0.939185262    
  0.972361803      0.300000012      0.939483464    
  0.977178156      -5.08404191E-05  0.939170897    
  0.977386951      0.300000012      0.939484417    
  0.982249618      -3.16528603E-05  0.939166009    
  0.982412100      0.300000012      0.939485669    
  0.987321138      -1.68013576E-05  0.939173043    
  0.987437189      0.300000012      0.939487278    
  0.992392719      -6.58955241E-06  0.939192057    
  0.992462277      0.300000012      0.939489186    
  0.997464240      -1.34137633E-06  0.939207137    
  0.997487426      0.300000012      0.939491808    
