   5.09713870E-03  -5.30014586E-06  0.945234239    
   5.05050505E-03  0.300000012      0.945629835    
   1.52914142E-02  -2.55945579E-05  0.945101202    
   1.51515156E-02  0.300000012      0.945627451    
   2.54856497E-02  -6.40430299E-05  0.945033789    
   2.52525248E-02  0.300000012      0.945624113    
   3.56798172E-02  -1.18317737E-04  0.945028424    
   3.53535339E-02  0.300000012      0.945619822    
   4.58739102E-02  -1.86344390E-04  0.945067465    
   4.54545468E-02  0.300000012      0.945614457    
   5.60679063E-02  -2.66253744E-04  0.945138216    
   5.55555560E-02  0.300000012      0.945607781    
   6.62618130E-02  -3.56342702E-04  0.945232153    
   6.56565651E-02  0.300000012      0.945599675    
   7.64556453E-02  -4.55042784E-04  0.945343733    
   7.57575780E-02  0.300000012      0.945589662    
   8.66494030E-02  -5.60893910E-04  0.945469797    
   8.58585835E-02  0.300000012      0.945577443    
   9.68431085E-02  -6.72522292E-04  0.945607424    
   9.59595963E-02  0.300000012      0.945562780    
  0.107036762      -7.88621663E-04  0.945755124    
  0.106060609      0.300000012      0.945545256    
  0.117230371      -9.07936366E-04  0.945911705    
  0.116161615      0.300000012      0.945524335    
  0.127423957      -1.02924672E-03  0.946076632    
  0.126262635      0.300000012      0.945499718    
  0.137617543      -1.15135452E-03  0.946249127    
  0.136363626      0.300000012      0.945470631    
  0.147811130      -1.27307093E-03  0.946429312    
  0.146464646      0.300000012      0.945436716    
  0.158004731      -1.39320199E-03  0.946617246    
  0.156565666      0.300000012      0.945397317    
  0.168198377      -1.51053711E-03  0.946813166    
  0.166666657      0.300000012      0.945351720    
  0.178392053      -1.62383448E-03  0.947017133    
  0.176767677      0.300000012      0.945299387    
  0.188585788      -1.73180678E-03  0.947229981    
  0.186868697      0.300000012      0.945239365    
  0.198779613      -1.83310546E-03  0.947452486    
  0.196969688      0.300000012      0.945171297    
  0.208973497      -1.92630198E-03  0.947685480    
  0.207070708      0.300000012      0.945094228    
  0.219167456      -2.00986769E-03  0.947929919    
  0.217171729      0.300000012      0.945007265    
  0.229361504      -2.08214857E-03  0.948187113    
  0.227272719      0.300000012      0.944909811    
  0.239555642      -2.14133575E-03  0.948458970    
  0.237373739      0.300000012      0.944800973    
  0.249749869      -2.18543014E-03  0.948746741    
  0.247474745      0.300000012      0.944679976    
  0.259944141      -2.21219659E-03  0.949052870    
  0.257575750      0.300000012      0.944546044    
  0.270138443      -2.21910723E-03  0.949379861    
  0.267676771      0.300000012      0.944398463    
  0.280332744      -2.20326800E-03  0.949730635    
  0.277777791      0.300000012      0.944236517    
  0.290526927      -2.16132263E-03  0.950108647    
  0.287878782      0.300000012      0.944059432    
  0.300720990      -2.08932394E-03  0.950518250    
  0.297979802      0.300000012      0.943866789    
  0.310914725      -1.98255572E-03  0.950964689    
  0.308080792      0.300000012      0.943658412    
  0.321107924      -1.83528673E-03  0.951453805    
  0.318181813      0.300000012      0.943433821    
  0.331300318      -1.64040946E-03  0.951993287    
  0.328282833      0.300000012      0.943192899    
  0.341491461      -1.38890476E-03  0.952592134    
  0.338383853      0.300000012      0.942935884    
  0.351680636      -1.06900139E-03  0.953259587    
  0.348484844      0.300000012      0.942663252    
  0.361866802      -6.64800231E-04  0.953998029    
  0.358585864      0.300000012      0.942375600    
  0.372048020      -1.52779801E-04  0.954769850    
  0.368686855      0.300000012      0.942073941    
  0.382218421       5.32900216E-04  0.956233919    
  0.378787875      0.300000012      0.941759884    
  0.392367005       1.48154085E-03  0.957848608    
  0.388888896      0.300000012      0.941435158    
  0.402478933       2.75815930E-03  0.959210634    
  0.398989916      0.300000012      0.941101849    
  0.412533373       4.42278618E-03  0.960333586    
  0.409090906      0.300000012      0.940762758    
  0.422499985       6.54528104E-03  0.961181462    
  0.419191927      0.300000012      0.940420449    
  0.432337403       9.19768959E-03  0.961597860    
  0.429292917      0.300000012      0.940078378    
  0.441999197       1.24293501E-02  0.961143076    
  0.439393938      0.300000012      0.939740241    
  0.451462448       1.62075944E-02  0.958641589    
  0.449494958      0.300000012      0.939409494    
  0.460791379       2.03159135E-02  0.951432645    
  0.459595978      0.300000012      0.939090073    
  0.470183551       2.42665764E-02  0.936203599    
  0.469696969      0.300000012      0.938785613    
  0.479857802       2.74050385E-02  0.915114224    
  0.479797989      0.300000012      0.938498914    
  0.489845991       2.92776041E-02  0.897718191    
  0.489898980      0.300000012      0.938232541    
  0.500000000       2.98680626E-02  0.889827013    
  0.500000000      0.300000012      0.937989354    
  0.510154009       2.92776022E-02  0.886163354    
  0.510100961      0.300000012      0.937771559    
  0.520142198       2.74050366E-02  0.881604254    
  0.520202041      0.300000012      0.937581360    
  0.529816389       2.42665745E-02  0.880085886    
  0.530303001      0.300000012      0.937420189    
  0.539208651       2.03159116E-02  0.886525273    
  0.540404081      0.300000012      0.937289536    
  0.548537612       1.62075926E-02  0.899845243    
  0.550505042      0.300000012      0.937189996    
  0.558000803       1.24293491E-02  0.914649546    
  0.560606062      0.300000012      0.937121153    
  0.567662597       9.19768866E-03  0.926775396    
  0.570707083      0.300000012      0.937081635    
  0.577499986       6.54528011E-03  0.935126066    
  0.580808043      0.300000012      0.937069952    
  0.587466598       4.42278571E-03  0.940350115    
  0.590909123      0.300000012      0.937083483    
  0.597521067       2.75815884E-03  0.943445504    
  0.601010084      0.300000012      0.937119782    
  0.607632995       1.48154050E-03  0.945203245    
  0.611111164      0.300000012      0.937175870    
  0.617781639       5.32900100E-04  0.946178496    
  0.621212125      0.300000012      0.937249005    
  0.627951980      -1.52779903E-04  0.946455300    
  0.631313086      0.300000012      0.937336028    
  0.638133168      -6.64800347E-04  0.945894003    
  0.641414165      0.300000012      0.937434256    
  0.648319364      -1.06900150E-03  0.945328176    
  0.651515126      0.300000012      0.937540650    
  0.658508539      -1.38890487E-03  0.944837987    
  0.661616206      0.300000012      0.937653184    
  0.668699682      -1.64040946E-03  0.944415867    
  0.671717167      0.300000012      0.937769353    
  0.678892076      -1.83528685E-03  0.944047570    
  0.681818128      0.300000012      0.937886834    
  0.689085245      -1.98255572E-03  0.943720758    
  0.691919208      0.300000012      0.938004434    
  0.699279010      -2.08932394E-03  0.943425953    
  0.702020168      0.300000012      0.938120008    
  0.709473014      -2.16132263E-03  0.943156660    
  0.712121248      0.300000012      0.938232839    
  0.719667256      -2.20326800E-03  0.942907631    
  0.722222209      0.300000012      0.938341379    
  0.729861557      -2.21910723E-03  0.942675173    
  0.732323229      0.300000012      0.938445032    
  0.740055859      -2.21219659E-03  0.942456186    
  0.742424250      0.300000012      0.938543260    
  0.750250101      -2.18543014E-03  0.942248583    
  0.752525210      0.300000012      0.938635468    
  0.760444343      -2.14133575E-03  0.942050397    
  0.762626290      0.300000012      0.938721299    
  0.770638466      -2.08214857E-03  0.941860437    
  0.772727251      0.300000012      0.938800573    
  0.780832529      -2.00986769E-03  0.941677630    
  0.782828331      0.300000012      0.938873410    
  0.791026533      -1.92630198E-03  0.941500962    
  0.792929292      0.300000012      0.938939869    
  0.801220417      -1.83310546E-03  0.941330016    
  0.803030252      0.300000012      0.938999951    
  0.811414242      -1.73180678E-03  0.941163838    
  0.813131332      0.300000012      0.939053833    
  0.821607947      -1.62383448E-03  0.941002309    
  0.823232293      0.300000012      0.939101934    
  0.831801653      -1.51053711E-03  0.940845132    
  0.833333373      0.300000012      0.939144373    
  0.841995239      -1.39320199E-03  0.940691888    
  0.843434334      0.300000012      0.939181566    
  0.852188885      -1.27307093E-03  0.940542817    
  0.853535354      0.300000012      0.939213872    
  0.862382472      -1.15135452E-03  0.940397680    
  0.863636374      0.300000012      0.939241648    
  0.872576058      -1.02924672E-03  0.940256715    
  0.873737335      0.300000012      0.939265311    
  0.882769644      -9.07936366E-04  0.940120041    
  0.883838415      0.300000012      0.939285219    
  0.892963290      -7.88621663E-04  0.939988077    
  0.893939376      0.300000012      0.939301789    
  0.903156877      -6.72522292E-04  0.939861357    
  0.904040456      0.300000012      0.939315557    
  0.913350582      -5.60893910E-04  0.939740598    
  0.914141417      0.300000012      0.939326882    
  0.923544347      -4.55042784E-04  0.939626634    
  0.924242377      0.300000012      0.939336538    
  0.933738232      -3.56342702E-04  0.939520895    
  0.934343457      0.300000012      0.939344704    
  0.943932116      -2.66253744E-04  0.939425051    
  0.944444418      0.300000012      0.939352155    
  0.954126120      -1.86344390E-04  0.939341009    
  0.954545498      0.300000012      0.939359784    
  0.964320183      -1.18317737E-04  0.939271748    
  0.964646459      0.300000012      0.939368367    
  0.974514365      -6.40430299E-05  0.939220726    
  0.974747479      0.300000012      0.939379036    
  0.984708548      -2.55945561E-05  0.939189672    
  0.984848499      0.300000012      0.939393818    
  0.994902849      -5.30014586E-06  0.939151883    
  0.994949460      0.300000012      0.939415872    
