 -0.412926018       0.00000000       2.72236802E-02
  0.417225003       8.76225010E-02  0.102682069    
   4.90277782E-02   8.65277741E-03   4.44449820E-02
   8.82499963E-02   1.55749992E-02   4.97570708E-02
  0.898500025      0.310000002      0.141160771    
  0.477375001      0.800000012       2.72236802E-02
  0.186305553       3.28805558E-02   5.44584952E-02
  0.733999968      0.299499989      0.198052436    
  0.582374990      0.152737498      0.112736195    
  0.284361124       5.01861125E-02   5.56457005E-02
  0.384291649      0.800000012       2.72236802E-02
  0.323583335       5.71083352E-02   5.62006272E-02
 -0.348557353       0.00000000       2.72236802E-02
  0.198125005      0.800000012       2.72236802E-02
  -8.11249986E-02  0.800000012       2.72236802E-02
 -0.266278118       0.00000000       2.72236802E-02
  0.750000000      0.206678569       7.49939606E-02
  0.789999962      0.206249997       7.67071396E-02
  0.710825026      0.203382492      0.131118983    
  0.829999983      0.205821425       8.88955146E-02
  0.870000005      0.205392867      0.106068328    
  0.909999967      0.204964280      0.123527385    
  0.949999988      0.204535723      0.134885073    
  0.655775011      0.181677490      0.114824004    
  0.619075000      0.167207509      0.113091424    
  0.972318172      0.310000002      0.117449589    
  0.564024985      0.145502508      0.112551011    
 -0.174208343      0.800000012       2.72236802E-02
  0.769999981      0.206464291       7.38477334E-02
  0.674125016      0.188912511      0.117852874    
  0.889999986      0.205178574      0.115166523    
  0.930000007      0.204750001      0.130333260    
  0.637425005      0.174442500      0.113564640    
 -0.301167637       0.00000000       2.72236802E-02
   9.80555546E-03   1.73055555E-03   3.69500257E-02
  0.291208327      0.800000012       2.72236802E-02
  0.850000024      0.205607146       9.70586389E-02
  0.810000002      0.206035703       8.19581673E-02
  0.692475021      0.196147501      0.123485394    
  0.343194425       6.05694428E-02   5.85842393E-02
  0.545674980      0.138267502      0.112504654    
  0.508974969      0.123797506      0.112069003    
  0.490624994      0.116562501      0.111683436    
  0.245138884       4.32638898E-02   5.54118790E-02
  0.225527778       3.98027748E-02   5.51909469E-02
  0.205916673       3.63416672E-02   5.48728742E-02
  0.303972214       5.36472201E-02   5.57726994E-02
  0.264750004       4.67249975E-02   5.55401593E-02
   2.94166654E-02   5.19166654E-03   4.21698838E-02
  0.166694432       2.94194445E-02   5.40714897E-02
  0.107861117       1.90361105E-02   5.16726039E-02
   6.86388910E-02   1.21138887E-02   4.77763750E-02
  0.953863621      0.310000002      0.120846465    
  0.472274989      0.109327495      0.110758454    
  0.806227267      0.310000002      0.191956908    
  0.453925014      0.102092505      0.109078035    
 -0.267291665      0.800000012       2.72236802E-02
  0.435575008       9.48574990E-02  0.106409505    
  0.824681818      0.310000002      0.189750612    
  0.843136370      0.310000002      0.179602578    
  0.625999987      0.281499982      0.139271230    
  0.861590922      0.310000002      0.167027652    
  0.643999994      0.284500003      0.164163768    
  0.935409069      0.310000002      0.125946656    
  0.880045474      0.310000002      0.155193314    
  0.662000000      0.287500024      0.181539342    
  0.380524993       7.31524974E-02   9.34235901E-02
  0.716000021      0.296499997      0.199763149    
  0.751999974      0.302500010      0.191883773    
  0.970000029      0.204321429      0.137449905    
   1.19583327E-02  0.800000012       2.72236802E-02
  0.769999981      0.305500001      0.182443351    
 -0.181826621       0.00000000       2.72236802E-02
  -2.87094656E-02   0.00000000       2.72964817E-02
 -0.143547326       0.00000000       2.72236802E-02
  -8.61283988E-02   0.00000000       2.72237342E-02
 -0.200966254       0.00000000       2.72236802E-02
 -0.220105901       0.00000000       2.72236802E-02
 -0.360374987      0.800000012       2.72236802E-02
 -0.240579665       0.00000000       2.72236802E-02
  0.600724995      0.159972489      0.112891249    
  0.105041668      0.800000012       2.72236802E-02
  -4.78491113E-02   0.00000000       2.72314586E-02
 -0.162686974       0.00000000       2.72236802E-02
  0.787999988      0.308499992      0.174101666    
 -0.474999994       0.00000000       2.72236802E-02
 -0.124407679       0.00000000       2.72236802E-02
  0.362174988       6.59174994E-02   7.94701055E-02
  -9.56982188E-03   0.00000000       2.79216450E-02
  0.730000019      0.206892848       8.61109868E-02
  0.916954517      0.310000002      0.133094952    
 -0.453458339      0.800000012       2.72236802E-02
  0.147083342       2.59583332E-02   5.35115823E-02
  0.698000014      0.293500006      0.198596403    
  0.990000010      0.204107136      0.138387069    
  0.990772724      0.310000002      0.115589000    
  -6.69887513E-02   0.00000000       2.72245035E-02
  0.570458293      0.800000012       2.72236802E-02
  0.527324975      0.131032497      0.112461619    
  0.680000007      0.290499985      0.192821518    
  0.398874998       8.03875029E-02  0.101969965    
  0.127472222       2.24972218E-02   5.32537661E-02
 -0.105268039       0.00000000       2.72236746E-02
