   1.02982968E-02  -2.06924342E-05  0.948859990    
   1.02040814E-02  0.300000012      0.949029505    
   3.08947861E-02  -9.66614898E-05  0.948652029    
   3.06122452E-02  0.300000012      0.949025393    
   5.14909849E-02  -2.33222003E-04  0.948608339    
   5.10204062E-02  0.300000012      0.949018240    
   7.20868334E-02  -4.14771930E-04  0.948693395    
   7.14285672E-02  0.300000012      0.949006319    
   9.26823914E-02  -6.28269860E-04  0.948864281    
   9.18367356E-02  0.300000012      0.948987126    
  0.113277733      -8.62316927E-04  0.949093878    
  0.112244904      0.300000012      0.948957682    
  0.133872971      -1.10649853E-03  0.949367285    
  0.132653058      0.300000012      0.948913991    
  0.154468179      -1.35086523E-03  0.949676931    
  0.153061226      0.300000012      0.948851824    
  0.175063521      -1.58547610E-03  0.950020134    
  0.173469394      0.300000012      0.948765695    
  0.195659071      -1.79994281E-03  0.950397909    
  0.193877548      0.300000012      0.948649645    
  0.216254920      -1.98291405E-03  0.950813890    
  0.214285716      0.300000012      0.948496461    
  0.236851111      -2.12142430E-03  0.951274931    
  0.234693885      0.300000012      0.948298097    
  0.257447600      -2.19998928E-03  0.951790273    
  0.255102038      0.300000012      0.948045552    
  0.278044194      -2.19924096E-03  0.952373266    
  0.275510192      0.300000012      0.947730005    
  0.298640460      -2.09371583E-03  0.953041494    
  0.295918375      0.300000012      0.947341681    
  0.319235474      -1.84795167E-03  0.953817189    
  0.316326529      0.300000012      0.946872056    
  0.339827061      -1.40891178E-03  0.954723001    
  0.336734712      0.300000012      0.946314752    
  0.360410213      -6.89162407E-04  0.955732763    
  0.357142866      0.300000012      0.945666552    
  0.380966187       5.37220272E-04  0.957546473    
  0.377551019      0.300000012      0.944930136    
  0.401428521       2.75771250E-03  0.960998654    
  0.397959173      0.300000012      0.944115698    
  0.421642631       6.55565178E-03  0.964853048    
  0.418367356      0.300000012      0.943241358    
  0.441333681       1.24345273E-02  0.969606936    
  0.438775510      0.300000012      0.942332506    
  0.460428715       2.01058723E-02  0.969386816    
  0.459183693      0.300000012      0.941420019    
  0.479787558       2.68448424E-02  0.941666186    
  0.479591846      0.300000012      0.940537751    
  0.500000000       2.94313785E-02  0.912284970    
  0.500000000      0.300000012      0.939715624    
  0.520212412       2.68448405E-02  0.891485631    
  0.520408154      0.300000012      0.938988447    
  0.539571285       2.01058723E-02  0.883414507    
  0.540816307      0.300000012      0.938396096    
  0.558666348       1.24345273E-02  0.900352716    
  0.561224461      0.300000012      0.937968016    
  0.578357339       6.55565131E-03  0.921174169    
  0.581632674      0.300000012      0.937703192    
  0.598571539       2.75771227E-03  0.934351027    
  0.602040827      0.300000012      0.937581599    
  0.619033813       5.37220098E-04  0.941067815    
  0.622448981      0.300000012      0.937575579    
  0.639589787      -6.89162523E-04  0.943094015    
  0.642857134      0.300000012      0.937654138    
  0.660172939      -1.40891189E-03  0.943154156    
  0.663265288      0.300000012      0.937790453    
  0.680764556      -1.84795167E-03  0.942874193    
  0.683673501      0.300000012      0.937960863    
  0.701359510      -2.09371583E-03  0.942541838    
  0.704081655      0.300000012      0.938146532    
  0.721955776      -2.19924096E-03  0.942219853    
  0.724489808      0.300000012      0.938332856    
  0.742552400      -2.19998928E-03  0.941917658    
  0.744897962      0.300000012      0.938509583    
  0.763148904      -2.12142430E-03  0.941632688    
  0.765306115      0.300000012      0.938669741    
  0.783745110      -1.98291405E-03  0.941361010    
  0.785714269      0.300000012      0.938809514    
  0.804340959      -1.79994281E-03  0.941099703    
  0.806122422      0.300000012      0.938927472    
  0.824936509      -1.58547610E-03  0.940847039    
  0.826530635      0.300000012      0.939023554    
  0.845531821      -1.35086523E-03  0.940602124    
  0.846938789      0.300000012      0.939098775    
  0.866127014      -1.10649853E-03  0.940365553    
  0.867346942      0.300000012      0.939155161    
  0.886722207      -8.62316927E-04  0.940138757    
  0.887755096      0.300000012      0.939194977    
  0.907317579      -6.28269860E-04  0.939923823    
  0.908163249      0.300000012      0.939221442    
  0.927913189      -4.14771930E-04  0.939724743    
  0.928571463      0.300000012      0.939238191    
  0.948509037      -2.33222003E-04  0.939546347    
  0.948979616      0.300000012      0.939250290    
  0.969105244      -9.66614898E-05  0.939390600    
  0.969387770      0.300000012      0.939264596    
  0.989701688      -2.06924342E-05  0.939212084    
  0.989795923      0.300000012      0.939292848    
