   2.04128167E-03   1.28825856E-02  0.995687306    
  0.702747107     -0.279404968      0.902014196    
  0.282464206      0.233471364      0.812813640    
  0.689585209     -0.264689267      0.909731686    
   2.41508037E-02   6.67170882E-02  0.934066236    
  0.728576660     -0.309270263      0.885960162    
  0.950315833     -0.635169864      0.553681195    
  0.341511309      0.237066448      0.790513277    
  0.589136243     -0.170081586      0.938131392    
  0.912409425     -0.384854198      0.305278033    
  0.380833924      0.234017789      0.767145991    
  0.558703423      0.152941972      0.670151830    
  0.243844613      0.225501254      0.832247138    
  0.845700681     -0.468078017      0.780809045    
  0.302078456      0.235648423      0.805923820    
  0.605145216      0.116231956      0.629433811    
   4.84069288E-02   9.78181213E-02  0.920742750    
  0.188475937      0.204718262      0.857744277    
  0.834414840     -0.451879859      0.792509675    
  0.153507382      0.186424896      0.870047927    
  0.574564934      0.141188130      0.661765635    
  0.731930137      -3.44502479E-02  0.474649400    
  0.794320226     -0.135115504      0.389571637    
  0.839890361     -0.222661823      0.340404868    
  0.919147432     -0.585122764      0.674346387    
  0.633664012       8.89464319E-02  0.594872892    
  0.660292864       5.98003566E-02  0.566441000    
  0.673056901       4.47406769E-02  0.548905551    
  0.753506064      -6.75178841E-02  0.448473483    
  0.742851615      -5.08966520E-02  0.461053193    
  0.619672537      0.102869749      0.611799836    
  0.647168696       7.45482892E-02  0.579689682    
  0.784477592     -0.118001208      0.412576973    
  0.526006043      0.175060391      0.686255157    
  0.831245661     -0.204911634      0.348180354    
  0.590087533      0.128993705      0.646712184    
  0.848418057     -0.240468502      0.334230751    
  0.542526960      0.164255366      0.679103851    
  0.474467278      0.204176784      0.707942069    
  0.715746164     -0.294264913      0.893627763    
  0.823277235     -0.435582101      0.814680457    
  0.456526488      0.212394655      0.718088627    
  0.881312191     -0.312263846      0.317373782    
  0.438137591      0.219547927      0.729962409    
  0.400238633      0.230480373      0.752589226    
  0.419352889      0.225589782      0.740740955    
  0.361221969      0.236166015      0.780633569    
  0.812262952     -0.419198304      0.824228227    
  0.873233438     -0.294248939      0.321134865    
  0.929073453     -0.602189541      0.649616778    
  0.856789231     -0.258349061      0.328424066    
  0.865048409     -0.276282072      0.324919492    
  0.897128642     -0.348444402      0.310528070    
  0.321777910      0.236848816      0.799003959    
  0.909058213     -0.568152308      0.695578516    
  0.889279246     -0.330328375      0.313651294    
  0.803904474     -0.152375907      0.378111184    
  0.169309318      -3.11554000E-02  0.950335622    
  0.263017207      0.230146229      0.821866393    
  0.206550330      0.212643236      0.850556970    
  0.904833615     -0.366622061      0.307255507    
   5.91200590E-03   3.18812765E-02  0.970373929    
  0.977294207     -0.550267935      0.335576266    
   7.08636492E-02  -3.81990746E-02  0.947701573    
   6.16176836E-02  0.112485901      0.915251553    
   1.39908604E-02   4.98298928E-02  0.946795046    
   5.12020960E-02  -3.75072733E-02  0.960808992    
  0.919919729     -0.403113425      0.304021448    
  0.170789003      0.195958674      0.863714099    
   7.53203779E-02  0.126694173      0.908560097    
   3.57959792E-02   8.26368630E-02  0.925260365    
  0.149603307      -3.23653147E-02  0.949522555    
  0.856687784     -0.484480441      0.771431804    
  0.898847103     -0.551254451      0.715207458    
  0.963226557     -0.513371825      0.316276103    
  0.970285892     -0.531810164      0.324540824    
  0.888523042     -0.534425735      0.730740607    
  0.753433466     -0.339946568      0.869034708    
  0.984173059     -0.568771303      0.348802179    
   3.23556252E-02  -3.26644816E-02  0.986097872    
  0.949055672     -0.476515114      0.305853218    
   5.61411818E-03  -5.84056368E-03   1.01601303    
  0.956139922     -0.494943917      0.309873909    
  0.966268182     -0.643778205      0.368963391    
  0.927309811     -0.421421409      0.302583575    
  0.938994408     -0.619259119      0.618407845    
  0.509151459      0.185335949      0.692906022    
   1.64631903E-02  -2.18334757E-02   1.01084483    
  0.619566679     -0.195237592      0.931016862    
  0.995254993     -0.624823928      0.349826187    
  0.604482770     -0.182500690      0.934867144    
  0.524879217     -0.124245808      0.948201597    
  0.208766252      -2.97607519E-02  0.953413248    
  0.789296865     -0.387080431      0.843802214    
  0.648840547     -0.221724764      0.924110830    
  0.573517084     -0.158007771      0.941088736    
  0.189030647      -3.02444734E-02  0.951687574    
  0.741153359     -0.324488163      0.879365027    
  0.634384274     -0.208283246      0.926773489    
  0.662793577     -0.235686034      0.922501326    
  0.491327107     -0.103430867      0.956034422    
  0.345941722      -4.35518920E-02  0.961170793    
  0.474202305      -9.36122388E-02  0.957969904    
  0.800894380     -0.403058529      0.832753241    
  0.676293612     -0.250090122      0.917976975    
  0.508176923     -0.113718241      0.952870190    
  0.228504702      -2.98912115E-02  0.956015170    
  0.248223990      -3.07710357E-02  0.958488703    
  0.439112842      -7.55261108E-02  0.961998999    
  0.813261032     -0.169761106      0.368300080    
  0.421083093      -6.74996078E-02  0.961553991    
  0.384008229      -5.39687350E-02  0.962149203    
  0.365085006      -4.83613685E-02  0.961201906    
  0.402688205      -6.03475049E-02  0.960930407    
  0.456792593      -8.43051374E-02  0.960562289    
  0.104618102      0.153116912      0.891014218    
  0.774356246     -0.101050466      0.425370395    
  0.697484553       1.37227718E-02  0.516689718    
   8.96100998E-02  0.140306622      0.900176346    
  0.867443919     -0.501036406      0.759500265    
  0.765550494     -0.355534434      0.860287905    
  0.120345786      0.165034980      0.882674336    
  0.878047645     -0.517690539      0.746022522    
  0.720737100      -1.81869566E-02  0.487913877    
  0.822391033     -0.187266022      0.358325928    
  0.287596583      -3.37228142E-02  0.957178235    
  0.225012839      0.219610900      0.841839194    
  0.491980433      0.195074737      0.699737489    
  0.777537942     -0.371221423      0.852331996    
  0.996148825     -0.606219888      0.382378161    
  0.934596181     -0.439771235      0.302854180    
  0.557624757     -0.146295667      0.944181085    
  0.129903480      -3.36781554E-02  0.949015200    
  0.763999343      -8.42419416E-02  0.437281489    
  0.267922699      -3.20940390E-02  0.957436800    
  0.326643109      -3.94004844E-02  0.961500883    
  0.685433030       2.93601044E-02  0.531876445    
  0.541411519     -0.135035276      0.945709169    
  0.941872895     -0.458124876      0.304504246    
  0.990631461     -0.587401867      0.364159107    
  0.709260821      -2.12305808E-03  0.502460539    
  0.307193309      -3.60625498E-02  0.959102452    
   9.05529633E-02  -3.69170234E-02  0.944073319    
  0.136674985      0.176119238      0.876165152    
  0.110216707      -3.51564512E-02  0.945768595    
  0.983900785     -0.639482975      0.341193974    
