   9.07013863E-02   1.60076395E-02   5.58406264E-02
  0.898499966      0.310000002      0.120106250    
  -3.20444033E-02   0.00000000       2.72236690E-02
  -6.56111091E-02  0.800000012       2.72236802E-02
  0.457525313      0.103512026      0.113664009    
  0.149534717       2.63909735E-02   5.59097379E-02
  0.100506946       1.77381933E-02   5.58578707E-02
  0.873743892      0.310000002      0.147292539    
  0.716729760      0.296621621      0.216477692    
  0.159340277       2.81215273E-02   5.59164509E-02
  -1.23247709E-02   0.00000000       2.72236634E-02
 -0.115852848       0.00000000       2.72236876E-02
  0.948012233      0.310000002       8.11196640E-02
  0.174048603       3.07173617E-02   5.59225045E-02
  0.615474701      0.165787965      0.113834113    
  0.480477780      0.800000012       2.72236802E-02
  0.624297261      0.281216204      0.194593459    
  0.530122221      0.800000012       2.72236802E-02
  -4.07888889E-02  0.800000012       2.72236802E-02
  0.188756943       3.33131924E-02   5.59268817E-02
  0.903451204      0.310000002      0.114965945    
 -0.439339936       0.00000000       2.72236802E-02
  0.455655575      0.800000012       2.72236802E-02
  0.115215279       2.03340277E-02   5.58806323E-02
  0.364613920       6.68791085E-02  0.105682224    
 -0.324598253       0.00000000       2.72236802E-02
   8.08958337E-02   1.42770838E-02   5.58220483E-02
  0.663216233      0.287702709      0.216634542    
  0.653486490      0.286081076      0.216651708    
  0.643756747      0.284459472      0.216278926    
  0.672945976      0.289324343      0.216594681    
  0.682675719      0.290945947      0.216564685    
  0.692405403      0.292567551      0.216530651    
  0.634027004      0.282837838      0.213331312    
  0.726459503      0.298243225      0.216427654    
  0.736189187      0.299864858      0.216403931    
  0.745918870      0.301486492      0.216343671    
  0.755648613      0.303108096      0.216261014    
  0.505299985      0.800000012       2.72236802E-02
  0.430833340      0.800000012       2.72236802E-02
  0.579766631      0.800000012       2.72236802E-02
  0.765378356      0.304729730      0.216015130    
 -0.418828368       0.00000000       2.72236802E-02
 -0.382354319       0.00000000       2.72236802E-02
 -0.337376416       0.00000000       2.72236802E-02
  0.554944456      0.800000012       2.72236802E-02
  0.331544459      0.800000012       2.72236802E-02
 -0.312789261       0.00000000       2.72236802E-02
 -0.291790307       0.00000000       2.72236802E-02
  0.381188869      0.800000012       2.72236802E-02
 -0.301875949       0.00000000       2.72236802E-02
  0.281899989      0.800000012       2.72236802E-02
  0.306722224      0.800000012       2.72236802E-02
  0.232255548      0.800000012       2.72236802E-02
 -0.351203203       0.00000000       2.72236802E-02
 -0.265895307       0.00000000       2.72236802E-02
  0.157788903      0.800000012       2.72236802E-02
  0.207433343      0.800000012       2.72236802E-02
   8.33222196E-02  0.800000012       2.72236802E-02
  0.132966667      0.800000012       2.72236802E-02
   5.84999993E-02  0.800000012       2.72236802E-02
   8.85555614E-03  0.800000012       2.72236802E-02
  -1.59666669E-02  0.800000012       2.72236802E-02
  -9.04333293E-02  0.800000012       2.72236802E-02
  0.203465283       3.59090269E-02   5.59303388E-02
 -0.140077770      0.800000012       2.72236802E-02
  0.182611108      0.800000012       2.72236802E-02
   3.36777791E-02  0.800000012       2.72236802E-02
 -0.115255557      0.800000012       2.72236802E-02
  0.992500007      0.204080343      0.169636920    
 -0.164900005      0.800000012       2.72236802E-02
  0.992573142      0.310000002       6.42631352E-02
  0.652639270      0.180441141      0.113845244    
  0.799475610      0.310000002      0.275298864    
  0.987500012      0.204133928      0.173629940    
 -0.239650026       0.00000000       2.72236746E-02
 -0.251739800       0.00000000       2.72236802E-02
  0.982500017      0.204187512      0.178531855    
  0.987621963      0.310000002       6.45995066E-02
  0.661930382      0.184104428      0.113860913    
  0.967499971      0.204348207      0.193940818    
  0.977500021      0.204241067      0.183316275    
  0.977719545      0.310000002       6.70020804E-02
 -0.273855805       0.00000000       2.72236802E-02
  0.952499986      0.204508930      0.208147421    
  0.872500002      0.205366075      0.127263874    
  0.937500000      0.204669654      0.212589487    
  0.762499988      0.206544638       2.92218253E-02
  0.877499998      0.205312490      0.127293721    
  0.962865829      0.310000002       7.30594620E-02
  0.722500026      0.206973225       5.66532761E-02
  0.671221495      0.187767714      0.113852210    
  0.947499990      0.204562500      0.212493122    
  0.699094951      0.198757589      0.113838948    
  0.804426849      0.310000002      0.293062180    
  0.912500024      0.204937488      0.141524956    
   1.22569446E-02   2.16319435E-03   4.85874750E-02
  0.942499995      0.204616070      0.214525208    
  0.737500012      0.206812501       3.24252695E-02
 -0.214544445      0.800000012       2.72236802E-02
  0.747500002      0.206705362       2.95142271E-02
  0.952963412      0.310000002       7.85139725E-02
  0.742500007      0.206758916       3.04751266E-02
  0.757499993      0.206598222       2.89178956E-02
  0.767499983      0.206491083       3.02602816E-02
  0.957914650      0.310000002       7.55616724E-02
  0.777499974      0.206383929       3.66388112E-02
  0.922500014      0.204830348      0.174023956    
  0.703740478      0.200589240      0.113848187    
  0.713031650      0.204252541      0.113856621    
  0.694449365      0.196925953      0.113829650    
  0.685158253      0.193262666      0.113842227    
  0.675867081      0.189599365      0.113849558    
  0.917500019      0.204883933      0.155637488    
  0.666575968      0.185936078      0.113857478    
  0.657284796      0.182272792      0.113858372    
  0.647993684      0.178609490      0.113840796    
  0.638702512      0.174946204      0.113829471    
  0.629411399      0.171282917      0.113836326    
  0.606183529      0.162124693      0.113827653    
  0.792500019      0.206223220       6.48355708E-02
  0.892499983      0.205151796      0.127458140    
  0.752499998      0.206651777       2.89899502E-02
  0.807500005      0.206062496      0.101190217    
  0.817499995      0.205955356      0.116254844    
  0.832499981      0.205794632      0.124368764    
  0.842499971      0.205687493      0.125966057    
  0.857500017      0.205526799      0.126984566    
  0.867500007      0.205419630      0.127182499    
  0.882499993      0.205258936      0.127308771    
  0.907500029      0.204991072      0.132969543    
  0.932500005      0.204723209      0.205223113    
  0.772499979      0.206437498       3.24747078E-02
  0.787500024      0.206276774       5.28436229E-02
  0.708386064      0.202420890      0.113854401    
  0.689803779      0.195094302      0.113836594    
  0.680512667      0.191431016      0.113844581    
  0.822499990      0.205901772      0.120516889    
  0.887499988      0.205205351      0.127311707    
  0.837499976      0.205741078      0.125288382    
  0.257077783      0.800000012       2.72236802E-02
 -0.264188886      0.800000012       2.72236802E-02
  0.582955718      0.152966455      0.113816120    
  0.569018960      0.147471517      0.113808423    
  0.555082262      0.141976580      0.113810651    
  0.541145563      0.136481643      0.113782540    
  0.531854451      0.132818356      0.113783672    
  0.522563279      0.129155070      0.113775223    
  0.508626580      0.123660132      0.113761738    
  0.499335408      0.119996831      0.113761395    
  0.490044296      0.116333544      0.113744549    
  0.480753183      0.112670258      0.113723733    
  0.527208865      0.130986705      0.113777034    
  0.471462011      0.109006956      0.113699369    
  0.624765813      0.169451267      0.113832064    
  0.494689882      0.118165195      0.113755919    
  0.485398740      0.114501894      0.113735609    
  0.476107597      0.110838607      0.113709427    
  0.448234171       9.98487324E-02  0.113625757    
  0.620120287      0.167619616      0.113838524    
  0.782500029      0.206330359       4.33444530E-02
  0.610829115      0.163956329      0.113828212    
  0.425006330       9.06905085E-02  0.113492645    
  0.420360744       8.88588578E-02  0.113454074    
  0.415715188       8.70272145E-02  0.113405421    
  0.824231744      0.310000002      0.241266474    
  0.908402443      0.310000002      0.110415407    
  0.858890235      0.310000002      0.172209412    
  0.848987818      0.310000002      0.189674050    
  0.913353682      0.310000002      0.105850011    
  0.863841474      0.310000002      0.164131418    
  0.943060994      0.310000002       8.44005793E-02
  0.933158517      0.310000002       9.05385539E-02
  0.918304861      0.310000002      0.101583630    
  0.893548787      0.310000002      0.126111582    
  0.883646369      0.310000002      0.134553015    
  0.868792653      0.310000002      0.156719491    
  0.844036579      0.310000002      0.198812455    
  0.839085340      0.310000002      0.208819047    
  0.834134161      0.310000002      0.219488636    
  0.819280505      0.310000002      0.255599290    
  0.401778460       8.15322846E-02  0.113239519    
  0.619432449      0.280405402      0.167813763    
  0.638891935      0.283648640      0.215503439    
  0.648621619      0.285270274      0.216570795    
  0.658351302      0.286891878      0.216648087    
  0.668081045      0.288513511      0.216610163    
  0.677810788      0.290135145      0.216575131    
  0.789702654      0.308783770      0.204850808    
  0.784837842      0.307972968      0.209142506    
  0.779972970      0.307162166      0.212322086    
  0.775108099      0.306351364      0.214378625    
  0.770243287      0.305540532      0.215515912    
  0.687540531      0.291756749      0.216543227    
  0.760513544      0.303918928      0.216194332    
  0.587601244      0.154798105      0.113822594    
  0.750783801      0.302297294      0.216301858    
  0.697270274      0.293378383      0.216498628    
  0.592246830      0.156629741      0.113818996    
  0.711864829      0.295810819      0.216504559    
  0.741054058      0.300675690      0.216371283    
 -0.313833326      0.800000012       2.72236802E-02
  0.721594572      0.297432423      0.216447979    
  0.731324315      0.299054056      0.216416150    
  0.596892416      0.158461392      0.113809362    
  0.573664546      0.149303168      0.113810197    
  0.545791149      0.138313293      0.113796897    
  0.387841761       7.60373473E-02  0.112928219    
 -0.388300002      0.800000012       2.72236802E-02
  0.550436735      0.140144944      0.113802589    
  0.438943028       9.61854458E-02  0.113583021    
  0.373905063       7.05424100E-02  0.111258969    
  0.378550649       7.23740458E-02  0.112251170    
  0.369259477       6.87107593E-02  0.109264806    
  0.359968364       6.50474727E-02   9.97531489E-02
  0.429651916       9.25221518E-02  0.113526694    
  0.517917752      0.127323419      0.113768309    
  0.462170899      0.105343670      0.113676324    
  0.513272166      0.125491768      0.113764621    
  0.629162192      0.282027036      0.207981721    
 -0.413122237      0.800000012       2.72236802E-02
   2.45138886E-03   4.32638888E-04   3.73730101E-02
 -0.437944442      0.800000012       2.72236802E-02
 -0.258538604       0.00000000       2.72236802E-02
  0.383196205       7.42056966E-02  0.112786740    
  0.536499977      0.134649992      0.113783807    
  0.277006954       4.88881916E-02   5.59430085E-02
  0.252493054       4.45618033E-02   5.59397265E-02
  0.291715264       5.14840260E-02   5.59448674E-02
  0.350548625       6.18673638E-02   5.59505150E-02
  0.267201394       4.71576378E-02   5.59418574E-02
  0.198562503       3.50437500E-02   5.59298471E-02
  0.218173608       3.85048613E-02   5.59332147E-02
  0.242687494       4.28312495E-02   5.59383184E-02
  0.223076388       3.93701419E-02   5.59343733E-02
  0.183854163       3.24479192E-02   5.59252240E-02
  0.306423604       5.40798604E-02   5.59464023E-02
  0.227979168       4.02354151E-02   5.59355989E-02
  0.213270828       3.76395807E-02   5.59320115E-02
  0.335840285       5.92715293E-02   5.59492148E-02
  0.321131945       5.66756949E-02   5.59478141E-02
   4.16736081E-02   7.35486113E-03   5.56509532E-02
   4.65763882E-02   8.22013896E-03   5.56886718E-02
   2.20624991E-02   3.89374979E-03   5.39392605E-02
   7.35416636E-03   1.29791663E-03   4.40856777E-02
   3.18680555E-02   5.62430546E-03   5.53286411E-02
   8.57986063E-02   1.51423607E-02   5.58306053E-02
  0.139729172       2.46604159E-02   5.59041575E-02
  0.110312499       1.94687508E-02   5.58723733E-02
   7.10902810E-02   1.25465281E-02   5.58232442E-02
  0.169145837       2.98520830E-02   5.59202582E-02
   5.63819446E-02   9.95069370E-03   5.57708107E-02
   9.56041664E-02   1.68729164E-02   5.58491684E-02
  0.125020832       2.20645834E-02   5.58912717E-02
  0.154437497       2.72562504E-02   5.59134558E-02
  0.134826392       2.37951390E-02   5.59009463E-02
  0.129923612       2.29298621E-02   5.58967032E-02
  0.108144447      0.800000012       2.72236802E-02
 -0.189722210      0.800000012       2.72236802E-02
 -0.245456651       0.00000000       2.72236802E-02
 -0.229241103       0.00000000       2.72237044E-02
  -8.13434869E-02   0.00000000       2.72236876E-02
 -0.219380915       0.00000000       2.72236932E-02
 -0.175011739       0.00000000       2.72236392E-02
  -7.14836717E-02   0.00000000       2.72236746E-02
  -4.68341261E-02   0.00000000       2.72236876E-02
  -8.62733871E-02   0.00000000       2.72236802E-02
 -0.135572463       0.00000000       2.72236634E-02
 -0.120782748       0.00000000       2.72236802E-02
 -0.184871554       0.00000000       2.72236746E-02
 -0.194731370       0.00000000       2.72236746E-02
 -0.189801455       0.00000000       2.72236746E-02
  -5.17640337E-02   0.00000000       2.72237100E-02
 -0.140502378       0.00000000       2.72236578E-02
  -3.69743109E-02   0.00000000       2.72236634E-02
 -0.160222024       0.00000000       2.72236988E-02
  -9.61332023E-02   0.00000000       2.72236746E-02
  -9.12033021E-02   0.00000000       2.72236634E-02
 -0.209521085       0.00000000       2.72237100E-02
  -7.39486236E-03   0.00000000       2.72236690E-02
  -4.19042185E-02   0.00000000       2.72236876E-02
  -5.66939451E-02   0.00000000       2.72236876E-02
  -2.21845862E-02   0.00000000       2.72236746E-02
 -0.110922933       0.00000000       2.72236802E-02
 -0.145432293       0.00000000       2.72236448E-02
 -0.224310815       0.00000000       2.72236988E-02
  0.982670724      0.310000002       6.55654892E-02
   7.59930536E-02   1.34118050E-02   5.58198616E-02
  0.897499979      0.205098212      0.127855822    
  0.120118052       2.11993046E-02   5.58861867E-02
  0.802500010      0.206116080       8.96489993E-02
  0.105409727       1.86034720E-02   5.58627099E-02
  0.829182923      0.310000002      0.230177298    
  0.902499974      0.205044642      0.129115239    
 -0.282469571       0.00000000       2.72236802E-02
  0.397132933       7.97006339E-02  0.113092437    
  0.164243057       2.89868042E-02   5.59179112E-02
  0.559727848      0.143808231      0.113806143    
 -0.462766647      0.800000012       2.72236802E-02
  0.178951383       3.15826386E-02   5.59231676E-02
 -0.170081824       0.00000000       2.72236504E-02
  0.232881948       4.11006957E-02   5.59366569E-02
  0.193659723       3.41784731E-02   5.59285507E-02
  0.634056926      0.173114553      0.113837749    
  0.732500017      0.206866071       3.53578366E-02
  0.794567585      0.309594601      0.199764431    
  0.237784728       4.19659726E-02   5.59375659E-02
  0.927500010      0.204776794      0.190153092    
  0.604588866      0.800000012       2.72236802E-02
  -2.46495404E-03   0.00000000       2.72236504E-02
  0.247590274       4.36965302E-02   5.59391640E-02
  0.852500021      0.205580354      0.126772091    
  0.997524381      0.310000002       6.44498691E-02
  0.878695130      0.310000002      0.141475186    
 -0.474351704       0.00000000       2.72236802E-02
  0.257395834       4.54270840E-02   5.59403263E-02
  0.702135086      0.294189185      0.216465205    
  -1.72546785E-02   0.00000000       2.72236746E-02
  0.972768307      0.310000002       6.86903298E-02
 -0.125712663       0.00000000       2.72236504E-02
  0.262298614       4.62923609E-02   5.59411980E-02
  0.443588614       9.80170891E-02  0.113600172    
  0.208368063       3.67743075E-02   5.59305176E-02
  0.928207278      0.310000002       9.40519497E-02
 -0.487588882      0.800000012       2.72236802E-02
  0.406424046       8.33639205E-02  0.113318816    
 -0.289011121      0.800000012       2.72236802E-02
  0.853939056      0.310000002      0.181100205    
 -0.150362194       0.00000000       2.72236448E-02
  0.972500026      0.204294652      0.188399523    
 -0.204591185       0.00000000       2.72236988E-02
  0.957499981      0.204455346      0.202909172    
 -0.363477767      0.800000012       2.72236802E-02
 -0.130642563       0.00000000       2.72236336E-02
 -0.214451015       0.00000000       2.72236988E-02
  0.827499986      0.205848217      0.122926623    
  0.717677236      0.206084177      0.113841482    
  0.272104174       4.80229184E-02   5.59426285E-02
  0.847500026      0.205633938      0.126391113    
 -0.399872482       0.00000000       2.72236802E-02
 -0.457967162       0.00000000       2.72236802E-02
  0.578310132      0.151134819      0.113816693    
  0.797500014      0.206169635       7.70899281E-02
  -6.65537566E-02   0.00000000       2.72236578E-02
  0.707000017      0.295000017      0.216519773    
  0.997500002      0.204026788      0.165650934    
  0.281909734       4.97534722E-02   5.59438914E-02
 -0.179941654       0.00000000       2.72236504E-02
  0.466816455      0.107175320      0.113683917    
  0.643348098      0.176777840      0.113834970    
 -0.234283805       0.00000000       2.72237100E-02
  0.286812484       5.06187528E-02   5.59445471E-02
 -0.199661285       0.00000000       2.72236876E-02
  0.503980994      0.121828482      0.113757864    
  0.296618044       5.23493066E-02   5.59453033E-02
  0.301520824       5.32145835E-02   5.59459589E-02
  0.967817068      0.310000002       7.07511008E-02
 -0.101063117       0.00000000       2.72236578E-02
  0.727500021      0.206919640       4.09538709E-02
  0.564373434      0.145639867      0.113802046    
 -0.366164804       0.00000000       2.72236802E-02
  0.311326385       5.49451411E-02   5.59469312E-02
  0.316229165       5.58104143E-02   5.59473671E-02
  0.938109756      0.310000002       8.77850950E-02
  0.326034725       5.75409718E-02   5.59482612E-02
  0.601537943      0.160293043      0.113819987    
  0.330937505       5.84062487E-02   5.59487492E-02
   5.14791682E-02   9.08541679E-03   5.57318591E-02
 -0.155292109       0.00000000       2.72236876E-02
  0.340743065       6.01368025E-02   5.59494570E-02
  -7.64135718E-02   0.00000000       2.72236634E-02
  0.345645845       6.10020831E-02   5.59500083E-02
 -0.338655561      0.800000012       2.72236802E-02
  0.411069632       8.51955712E-02  0.113359921    
  0.406011105      0.800000012       2.72236802E-02
  0.434297472       9.43537951E-02  0.113556735    
  0.923256099      0.310000002       9.82763469E-02
  0.888597548      0.310000002      0.129895538    
 -0.105993025       0.00000000       2.72236746E-02
  0.392487347       7.78689831E-02  0.112994261    
 -0.239366665      0.800000012       2.72236802E-02
  0.962499976      0.204401791      0.198283002    
   1.71597227E-02   3.02847219E-03   5.24686128E-02
  0.809378028      0.310000002      0.281951845    
  0.355322778       6.32158220E-02   8.89127776E-02
  0.356366664      0.800000012       2.72236802E-02
   2.69652791E-02   4.75902762E-03   5.50304428E-02
   3.67708355E-02   6.48958329E-03   5.55902086E-02
 -0.491384506       0.00000000       2.72236802E-02
  0.452879727      0.101680383      0.113643542    
  -6.16238527E-02   0.00000000       2.72236578E-02
  0.812500000      0.206008941      0.109011725    
   6.12847209E-02   1.08159725E-02   5.57891093E-02
  0.862500012      0.205473214      0.126889870    
   6.61875010E-02   1.16812494E-02   5.58109954E-02
  0.814329267      0.310000002      0.266636312    
  -2.71144956E-02   0.00000000       2.72236578E-02
  0.144631952       2.55256947E-02   5.59040830E-02
 -0.165151924       0.00000000       2.72236634E-02
