   5.09713870E-03  -5.30014586E-06  0.941473126    
   5.05050505E-03  0.300000012      0.942234933    
   1.52914142E-02  -2.55945579E-05  0.941447377    
   1.51515156E-02  0.300000012      0.942234278    
   2.54856497E-02  -6.40430299E-05  0.941492617    
   2.52525248E-02  0.300000012      0.942232847    
   3.56798172E-02  -1.18317737E-04  0.941574514    
   3.53535339E-02  0.300000012      0.942230284    
   4.58739102E-02  -1.86344390E-04  0.941680551    
   4.54545468E-02  0.300000012      0.942226708    
   5.60679063E-02  -2.66253744E-04  0.941804826    
   5.55555560E-02  0.300000012      0.942221880    
   6.62618130E-02  -3.56342702E-04  0.941942990    
   6.56565651E-02  0.300000012      0.942215562    
   7.64556453E-02  -4.55042784E-04  0.942092717    
   7.57575780E-02  0.300000012      0.942207575    
   8.66494030E-02  -5.60893910E-04  0.942252100    
   8.58585835E-02  0.300000012      0.942197442    
   9.68431085E-02  -6.72522292E-04  0.942420244    
   9.59595963E-02  0.300000012      0.942185044    
  0.107036762      -7.88621663E-04  0.942596197    
  0.106060609      0.300000012      0.942169905    
  0.117230371      -9.07936366E-04  0.942779362    
  0.116161615      0.300000012      0.942151666    
  0.127423957      -1.02924672E-03  0.942969859    
  0.126262635      0.300000012      0.942129672    
  0.137617543      -1.15135452E-03  0.943167269    
  0.136363626      0.300000012      0.942103505    
  0.147811130      -1.27307093E-03  0.943371892    
  0.146464646      0.300000012      0.942072690    
  0.158004731      -1.39320199E-03  0.943584263    
  0.156565666      0.300000012      0.942036450    
  0.168198377      -1.51053711E-03  0.943804562    
  0.166666657      0.300000012      0.941994607    
  0.178392053      -1.62383448E-03  0.944033444    
  0.176767677      0.300000012      0.941946089    
  0.188585788      -1.73180678E-03  0.944271863    
  0.186868697      0.300000012      0.941890359    
  0.198779613      -1.83310546E-03  0.944520712    
  0.196969688      0.300000012      0.941826880    
  0.208973497      -1.92630198E-03  0.944780886    
  0.207070708      0.300000012      0.941754580    
  0.219167456      -2.00986769E-03  0.945054173    
  0.217171729      0.300000012      0.941673219    
  0.229361504      -2.08214857E-03  0.945341527    
  0.227272719      0.300000012      0.941581964    
  0.239555642      -2.14133575E-03  0.945645392    
  0.237373739      0.300000012      0.941479802    
  0.249749869      -2.18543014E-03  0.945967734    
  0.247474745      0.300000012      0.941366255    
  0.259944141      -2.21219659E-03  0.946311235    
  0.257575750      0.300000012      0.941240728    
  0.270138443      -2.21910723E-03  0.946678936    
  0.267676771      0.300000012      0.941102266    
  0.280332744      -2.20326800E-03  0.947074533    
  0.277777791      0.300000012      0.940950453    
  0.290526927      -2.16132263E-03  0.947502673    
  0.287878782      0.300000012      0.940784991    
  0.300720990      -2.08932394E-03  0.947968304    
  0.297979802      0.300000012      0.940605402    
  0.310914725      -1.98255572E-03  0.948478460    
  0.308080792      0.300000012      0.940411329    
  0.321107924      -1.83528673E-03  0.949041128    
  0.318181813      0.300000012      0.940202653    
  0.331300318      -1.64040946E-03  0.949666142    
  0.328282833      0.300000012      0.939979851    
  0.341491461      -1.38890476E-03  0.950366735    
  0.338383853      0.300000012      0.939742625    
  0.351680636      -1.06900139E-03  0.951158285    
  0.348484844      0.300000012      0.939492166    
  0.361866802      -6.64800231E-04  0.952061892    
  0.358585864      0.300000012      0.939229071    
  0.372048020      -1.52779801E-04  0.953108251    
  0.368686855      0.300000012      0.938954592    
  0.382218421       5.32900216E-04  0.954406023    
  0.378787875      0.300000012      0.938670576    
  0.392367005       1.48154085E-03  0.955443501    
  0.388888896      0.300000012      0.938379228    
  0.402478933       2.75815930E-03  0.956037641    
  0.398989916      0.300000012      0.938083589    
  0.412533373       4.42278618E-03  0.956141710    
  0.409090906      0.300000012      0.937786877    
  0.422499985       6.54528104E-03  0.955520093    
  0.419191927      0.300000012      0.937492788    
  0.432337403       9.19768959E-03  0.953718603    
  0.429292917      0.300000012      0.937205732    
  0.441999197       1.24293501E-02  0.949887216    
  0.439393938      0.300000012      0.936930239    
  0.451462448       1.62075944E-02  0.942521513    
  0.449494958      0.300000012      0.936671019    
  0.460791379       2.03159135E-02  0.929451883    
  0.459595978      0.300000012      0.936432421    
  0.470183551       2.42665764E-02  0.909540415    
  0.469696969      0.300000012      0.936218381    
  0.479857802       2.74050385E-02  0.887928545    
  0.479797989      0.300000012      0.936031103    
  0.489845991       2.92776041E-02  0.875201285    
  0.489898980      0.300000012      0.935872674    
  0.500000000       2.98680626E-02  0.873548448    
  0.500000000      0.300000012      0.935744882    
  0.510154009       2.92776022E-02  0.875804186    
  0.510100961      0.300000012      0.935649693    
  0.520142198       2.74050366E-02  0.880259275    
  0.520202041      0.300000012      0.935587823    
  0.529816389       2.42665745E-02  0.890461087    
  0.530303001      0.300000012      0.935559571    
  0.539208651       2.03159116E-02  0.906310797    
  0.540404081      0.300000012      0.935564637    
  0.548537612       1.62075926E-02  0.922680795    
  0.550505042      0.300000012      0.935602963    
  0.558000803       1.24293491E-02  0.934759915    
  0.560606062      0.300000012      0.935673654    
  0.567662597       9.19768866E-03  0.942038953    
  0.570707083      0.300000012      0.935774565    
  0.577499986       6.54528011E-03  0.946038008    
  0.580808043      0.300000012      0.935902894    
  0.587466598       4.42278571E-03  0.948095560    
  0.590909123      0.300000012      0.936055124    
  0.597521067       2.75815884E-03  0.949037969    
  0.601010084      0.300000012      0.936226666    
  0.607632995       1.48154050E-03  0.949305177    
  0.611111164      0.300000012      0.936413586    
  0.617781639       5.32900100E-04  0.949114144    
  0.621212125      0.300000012      0.936611295    
  0.627951980      -1.52779903E-04  0.948522627    
  0.631313086      0.300000012      0.936815560    
  0.638133168      -6.64800347E-04  0.947667241    
  0.641414165      0.300000012      0.937022626    
  0.648319364      -1.06900150E-03  0.946967185    
  0.651515126      0.300000012      0.937229276    
  0.658508539      -1.38890487E-03  0.946363211    
  0.661616206      0.300000012      0.937432528    
  0.668699682      -1.64040946E-03  0.945829511    
  0.671717167      0.300000012      0.937630296    
  0.678892076      -1.83528685E-03  0.945351183    
  0.681818128      0.300000012      0.937820375    
  0.689085245      -1.98255572E-03  0.944918096    
  0.691919208      0.300000012      0.938001573    
  0.699279010      -2.08932394E-03  0.944522321    
  0.702020168      0.300000012      0.938172758    
  0.709473014      -2.16132263E-03  0.944158196    
  0.712121248      0.300000012      0.938333452    
  0.719667256      -2.20326800E-03  0.943820775    
  0.722222209      0.300000012      0.938482404    
  0.729861557      -2.21910723E-03  0.943506181    
  0.732323229      0.300000012      0.938620329    
  0.740055859      -2.21219659E-03  0.943211198    
  0.742424250      0.300000012      0.938746750    
  0.750250101      -2.18543014E-03  0.942933142    
  0.752525210      0.300000012      0.938861787    
  0.760444343      -2.14133575E-03  0.942670286    
  0.762626290      0.300000012      0.938965738    
  0.770638466      -2.08214857E-03  0.942420423    
  0.772727251      0.300000012      0.939059317    
  0.780832529      -2.00986769E-03  0.942182302    
  0.782828331      0.300000012      0.939142644    
  0.791026533      -1.92630198E-03  0.941954672    
  0.792929292      0.300000012      0.939216256    
  0.801220417      -1.83310546E-03  0.941736341    
  0.803030252      0.300000012      0.939281046    
  0.811414242      -1.73180678E-03  0.941526830    
  0.813131332      0.300000012      0.939337194    
  0.821607947      -1.62383448E-03  0.941325247    
  0.823232293      0.300000012      0.939385653    
  0.831801653      -1.51053711E-03  0.941131055    
  0.833333373      0.300000012      0.939426661    
  0.841995239      -1.39320199E-03  0.940943778    
  0.843434334      0.300000012      0.939461172    
  0.852188885      -1.27307093E-03  0.940763414    
  0.853535354      0.300000012      0.939489424    
  0.862382472      -1.15135452E-03  0.940589488    
  0.863636374      0.300000012      0.939512074    
  0.872576058      -1.02924672E-03  0.940422595    
  0.873737335      0.300000012      0.939529717    
  0.882769644      -9.07936366E-04  0.940262079    
  0.883838415      0.300000012      0.939543009    
  0.892963290      -7.88621663E-04  0.940108895    
  0.893939376      0.300000012      0.939552069    
  0.903156877      -6.72522292E-04  0.939963460    
  0.904040456      0.300000012      0.939557672    
  0.913350582      -5.60893910E-04  0.939826727    
  0.914141417      0.300000012      0.939560056    
  0.923544347      -4.55042784E-04  0.939699709    
  0.924242377      0.300000012      0.939559698    
  0.933738232      -3.56342702E-04  0.939583838    
  0.934343457      0.300000012      0.939556897    
  0.943932116      -2.66253744E-04  0.939481199    
  0.944444418      0.300000012      0.939552248    
  0.954126120      -1.86344390E-04  0.939395010    
  0.954545498      0.300000012      0.939545751    
  0.964320183      -1.18317737E-04  0.939328909    
  0.964646459      0.300000012      0.939538062    
  0.974514365      -6.40430299E-05  0.939288437    
  0.974747479      0.300000012      0.939529240    
  0.984708548      -2.55945561E-05  0.939283192    
  0.984848499      0.300000012      0.939519644    
  0.994902849      -5.30014586E-06  0.939326823    
  0.994949460      0.300000012      0.939509511    
