   3.38668609E-03  -2.37491736E-06  0.943537295    
   3.35570471E-03  0.300000012      0.944075704    
   1.01600662E-02  -1.15997982E-05  0.943440855    
   1.00671146E-02  0.300000012      0.944074929    
   1.69334430E-02  -2.93891553E-05  0.943382025    
   1.67785231E-02  0.300000012      0.944073915    
   2.37067975E-02  -5.50033001E-05  0.943362355    
   2.34899335E-02  0.300000012      0.944072187    
   3.04801278E-02  -8.77613929E-05  0.943371832    
   3.02013420E-02  0.300000012      0.944070160    
   3.72534171E-02  -1.27033360E-04  0.943402529    
   3.69127505E-02  0.300000012      0.944067597    
   4.40266654E-02  -1.72233471E-04  0.943449140    
   4.36241627E-02  0.300000012      0.944064558    
   5.07998839E-02  -2.22814240E-04  0.943508089    
   5.03355712E-02  0.300000012      0.944061041    
   5.75730465E-02  -2.78261548E-04  0.943576932    
   5.70469797E-02  0.300000012      0.944056571    
   6.43461794E-02  -3.38090584E-04  0.943654001    
   6.37583882E-02  0.300000012      0.944051385    
   7.11192861E-02  -4.01841535E-04  0.943737745    
   7.04697967E-02  0.300000012      0.944045603    
   7.78923556E-02  -4.69076535E-04  0.943827450    
   7.71812052E-02  0.300000012      0.944038987    
   8.46653953E-02  -5.39376633E-04  0.943922341    
   8.38926136E-02  0.300000012      0.944031298    
   9.14384052E-02  -6.12339121E-04  0.944021761    
   9.06040296E-02  0.300000012      0.944022417    
   9.82113928E-02  -6.87574851E-04  0.944125414    
   9.73154381E-02  0.300000012      0.944012284    
  0.104984351      -7.64706230E-04  0.944232881    
  0.104026847      0.300000012      0.944000840    
  0.111757293      -8.43365211E-04  0.944343984    
  0.110738255      0.300000012      0.943987966    
  0.118530229      -9.23191314E-04  0.944458544    
  0.117449664      0.300000012      0.943973601    
  0.125303149      -1.00382953E-03  0.944576502    
  0.124161072      0.300000012      0.943957448    
  0.132076070      -1.08492887E-03  0.944697499    
  0.130872488      0.300000012      0.943939328    
  0.138848990      -1.16614019E-03  0.944821894    
  0.137583882      0.300000012      0.943919122    
  0.145621896      -1.24711567E-03  0.944949448    
  0.144295305      0.300000012      0.943896830    
  0.152394831      -1.32750568E-03  0.945080340    
  0.151006699      0.300000012      0.943872213    
  0.159167767      -1.40695809E-03  0.945214510    
  0.157718122      0.300000012      0.943844914    
  0.165940717      -1.48511596E-03  0.945352018    
  0.164429531      0.300000012      0.943814814    
  0.172713697      -1.56161643E-03  0.945493340    
  0.171140939      0.300000012      0.943781912    
  0.179486677      -1.63608813E-03  0.945638418    
  0.177852362      0.300000012      0.943745732    
  0.186259687      -1.70814979E-03  0.945787251    
  0.184563756      0.300000012      0.943706334    
  0.193032742      -1.77740771E-03  0.945940614    
  0.191275179      0.300000012      0.943663418    
  0.199805826      -1.84345373E-03  0.946098268    
  0.197986573      0.300000012      0.943616629    
  0.206578940      -1.90586247E-03  0.946260870    
  0.204697996      0.300000012      0.943565965    
  0.213352084      -1.96418841E-03  0.946428597    
  0.211409390      0.300000012      0.943511128    
  0.220125273      -2.01796368E-03  0.946601927    
  0.218120813      0.300000012      0.943451941    
  0.226898491      -2.06669280E-03  0.946780980    
  0.224832207      0.300000012      0.943388104    
  0.233671755      -2.10985122E-03  0.946966708    
  0.231543630      0.300000012      0.943319440    
  0.240445063      -2.14687781E-03  0.947159529    
  0.238255024      0.300000012      0.943245947    
  0.247218400      -2.17717234E-03  0.947359979    
  0.244966447      0.300000012      0.943167031    
  0.253991783      -2.20008707E-03  0.947568715    
  0.251677841      0.300000012      0.943082750    
  0.260765135      -2.21492117E-03  0.947786570    
  0.258389264      0.300000012      0.942992806    
  0.267538548      -2.22091237E-03  0.948014379    
  0.265100658      0.300000012      0.942897141    
  0.274311960      -2.21722573E-03  0.948253214    
  0.271812081      0.300000012      0.942795575    
  0.281085312      -2.20294250E-03  0.948504031    
  0.278523505      0.300000012      0.942687929    
  0.287858665      -2.17704591E-03  0.948768198    
  0.285234898      0.300000012      0.942574084    
  0.294631958      -2.13840301E-03  0.949047148    
  0.291946292      0.300000012      0.942453802    
  0.301405191      -2.08574347E-03  0.949342310    
  0.298657715      0.300000012      0.942327261    
  0.308178246      -2.01763259E-03  0.949655771    
  0.305369139      0.300000012      0.942194104    
  0.314951062      -1.93243660E-03  0.949989438    
  0.312080532      0.300000012      0.942054808    
  0.321723670      -1.82828016E-03  0.950346053    
  0.318791926      0.300000012      0.941909075    
  0.328495890      -1.70299073E-03  0.950728357    
  0.325503349      0.300000012      0.941756785    
  0.335267633      -1.55402324E-03  0.951139569    
  0.332214773      0.300000012      0.941598356    
  0.342038751      -1.37836346E-03  0.951583922    
  0.338926196      0.300000012      0.941433728    
  0.348809004      -1.17239193E-03  0.952065766    
  0.345637590      0.300000012      0.941263437    
  0.355578065      -9.31697548E-04  0.952589929    
  0.352348983      0.300000012      0.941087365    
  0.362345606      -6.50804956E-04  0.953159630    
  0.359060407      0.300000012      0.940906167    
  0.369111001      -3.22774227E-04  0.953759015    
  0.365771830      0.300000012      0.940720201    
  0.375873119       6.56947013E-05  0.954477370    
  0.372483224      0.300000012      0.940529764    
  0.382629156       5.45961375E-04  0.955651820    
  0.379194617      0.300000012      0.940335572    
  0.389375329       1.14802085E-03  0.956698000    
  0.385906041      0.300000012      0.940138280    
  0.396107733       1.88742066E-03  0.957572222    
  0.392617464      0.300000012      0.939938366    
  0.402821362       2.78025446E-03  0.958298147    
  0.399328858      0.300000012      0.939736784    
  0.409509718       3.84479947E-03  0.958878160    
  0.406040251      0.300000012      0.939534128    
  0.416164458       5.10140974E-03  0.959288061    
  0.412751675      0.300000012      0.939331353    
  0.422774971       6.57192757E-03  0.959473848    
  0.419463098      0.300000012      0.939129651    
  0.429328322       8.27807467E-03  0.959339201    
  0.426174492      0.300000012      0.938929677    
  0.435810030       1.02380412E-02  0.958718836    
  0.432885885      0.300000012      0.938732445    
  0.442206562       1.24600930E-02  0.957329512    
  0.439597309      0.300000012      0.938538969    
  0.448511124       1.49318948E-02  0.954696238    
  0.446308732      0.300000012      0.938350618    
  0.454733700       1.76053308E-02  0.950070918    
  0.453020155      0.300000012      0.938168168    
  0.460912704       2.03798097E-02  0.942462862    
  0.459731549      0.300000012      0.937992871    
  0.467117846       2.30934545E-02  0.931100607    
  0.466442943      0.300000012      0.937825501    
  0.473429888       2.55391523E-02  0.916533768    
  0.473154366      0.300000012      0.937667131    
  0.479899168       2.75179297E-02  0.901413500    
  0.479865789      0.300000012      0.937518060    
  0.486518264       2.89079063E-02  0.889194250    
  0.486577183      0.300000012      0.937379420    
  0.493237197       2.96950676E-02  0.881819010    
  0.493288577      0.300000012      0.937251627    
  0.500000000       2.99428329E-02  0.879295409    
  0.500000000      0.300000012      0.937135160    
  0.506762743       2.96950676E-02  0.878757119    
  0.506711364      0.300000012      0.937031031    
  0.513481736       2.89079063E-02  0.877821326    
  0.513422847      0.300000012      0.936939299    
  0.520100832       2.75179297E-02  0.877188742    
  0.520134211      0.300000012      0.936860204    
  0.526570082       2.55391523E-02  0.878429532    
  0.526845634      0.300000012      0.936794102    
  0.532882154       2.30934545E-02  0.883094370    
  0.533557057      0.300000012      0.936741173    
  0.539087296       2.03798097E-02  0.891497254    
  0.540268421      0.300000012      0.936701417    
  0.545266271       1.76053308E-02  0.902311087    
  0.546979904      0.300000012      0.936674654    
  0.551488876       1.49318948E-02  0.913455129    
  0.553691268      0.300000012      0.936660230    
  0.557793498       1.24600921E-02  0.923269391    
  0.560402691      0.300000012      0.936658323    
  0.564190030       1.02380402E-02  0.931019545    
  0.567114115      0.300000012      0.936667860    
  0.570671678       8.27807374E-03  0.936716795    
  0.573825479      0.300000012      0.936688542    
  0.577225089       6.57192711E-03  0.940722585    
  0.580536962      0.300000012      0.936719537    
  0.583835542       5.10140928E-03  0.943464696    
  0.587248325      0.300000012      0.936760068    
  0.590490282       3.84479901E-03  0.945303380    
  0.593959689      0.300000012      0.936809480    
  0.597178698       2.78025400E-03  0.946505010    
  0.600671172      0.300000012      0.936866701    
  0.603892326       1.88742043E-03  0.947256327    
  0.607382536      0.300000012      0.936930954    
  0.610624671       1.14802062E-03  0.947684228    
  0.614093959      0.300000012      0.937001526    
  0.617370844       5.45961200E-04  0.947887838    
  0.620805383      0.300000012      0.937077641    
  0.624126911       6.56945776E-05  0.947942495    
  0.627516747      0.300000012      0.937158227    
  0.630888999      -3.22774285E-04  0.947468698    
  0.634228230      0.300000012      0.937242448    
  0.637654424      -6.50804956E-04  0.946899474    
  0.640939593      0.300000012      0.937329710    
  0.644421935      -9.31697548E-04  0.946405232    
  0.647650957      0.300000012      0.937419176    
  0.651190996      -1.17239193E-03  0.945977151    
  0.654362440      0.300000012      0.937510252    
  0.657961249      -1.37836358E-03  0.945600152    
  0.661073804      0.300000012      0.937602282    
  0.664732337      -1.55402336E-03  0.945262730    
  0.667785287      0.300000012      0.937694669    
  0.671504140      -1.70299085E-03  0.944956720    
  0.674496651      0.300000012      0.937786698    
  0.678276300      -1.82828016E-03  0.944676518    
  0.681208014      0.300000012      0.937878191    
  0.685048938      -1.93243660E-03  0.944417536    
  0.687919497      0.300000012      0.937968314    
  0.691821814      -2.01763259E-03  0.944176495    
  0.694630861      0.300000012      0.938056767    
  0.698594809      -2.08574347E-03  0.943950772    
  0.701342285      0.300000012      0.938143373    
  0.705368042      -2.13840301E-03  0.943738103    
  0.708053708      0.300000012      0.938227713    
  0.712141335      -2.17704591E-03  0.943536818    
  0.714765072      0.300000012      0.938309610    
  0.718914688      -2.20294250E-03  0.943345666    
  0.721476555      0.300000012      0.938388646    
  0.725688100      -2.21722573E-03  0.943163157    
  0.728187919      0.300000012      0.938464761    
  0.732461452      -2.22091237E-03  0.942988455    
  0.734899282      0.300000012      0.938537836    
  0.739234865      -2.21492117E-03  0.942820787    
  0.741610765      0.300000012      0.938607752    
  0.746008217      -2.20008707E-03  0.942659199    
  0.748322129      0.300000012      0.938674510    
  0.752781570      -2.17717234E-03  0.942503393    
  0.755033553      0.300000012      0.938737810    
  0.759554923      -2.14687781E-03  0.942352533    
  0.761744976      0.300000012      0.938797712    
  0.766328216      -2.10985122E-03  0.942206323    
  0.768456340      0.300000012      0.938854456    
  0.773101509      -2.06669280E-03  0.942064345    
  0.775167823      0.300000012      0.938907921    
  0.779874682      -2.01796368E-03  0.941926062    
  0.781879187      0.300000012      0.938957989    
  0.786647916      -1.96418841E-03  0.941791356    
  0.788590610      0.300000012      0.939004958    
  0.793421030      -1.90586224E-03  0.941659749    
  0.795302033      0.300000012      0.939048707    
  0.800194144      -1.84345362E-03  0.941531301    
  0.802013397      0.300000012      0.939089417    
  0.806967258      -1.77740771E-03  0.941405892    
  0.808724880      0.300000012      0.939127088    
  0.813740313      -1.70814979E-03  0.941282988    
  0.815436244      0.300000012      0.939161897    
  0.820513308      -1.63608813E-03  0.941162407    
  0.822147608      0.300000012      0.939193964    
  0.827286303      -1.56161643E-03  0.941044569    
  0.828859091      0.300000012      0.939223349    
  0.834059298      -1.48511596E-03  0.940929055    
  0.835570455      0.300000012      0.939250112    
  0.840832233      -1.40695809E-03  0.940815568    
  0.842281878      0.300000012      0.939274430    
  0.847605228      -1.32750568E-03  0.940704286    
  0.848993301      0.300000012      0.939296544    
  0.854378104      -1.24711567E-03  0.940595210    
  0.855704665      0.300000012      0.939316571    
  0.861150980      -1.16614019E-03  0.940488398    
  0.862416148      0.300000012      0.939334452    
  0.867923975      -1.08492887E-03  0.940383673    
  0.869127512      0.300000012      0.939350426    
  0.874696851      -1.00382953E-03  0.940281212    
  0.875838876      0.300000012      0.939364672    
  0.881469727      -9.23191314E-04  0.940181196    
  0.882550359      0.300000012      0.939377248    
  0.888242722      -8.43365211E-04  0.940083444    
  0.889261723      0.300000012      0.939388037    
  0.895015597      -7.64706172E-04  0.939988256    
  0.895973206      0.300000012      0.939397633    
  0.901788592      -6.87574793E-04  0.939895749    
  0.902684569      0.300000012      0.939405978    
  0.908561587      -6.12339121E-04  0.939806283    
  0.909395933      0.300000012      0.939413011    
  0.915334582      -5.39376633E-04  0.939719915    
  0.916107416      0.300000012      0.939419031    
  0.922107697      -4.69076505E-04  0.939637303    
  0.922818780      0.300000012      0.939424276    
  0.928880692      -4.01841535E-04  0.939558804    
  0.929530203      0.300000012      0.939428747    
  0.935653806      -3.38090584E-04  0.939484835    
  0.936241627      0.300000012      0.939432681    
  0.942426920      -2.78261548E-04  0.939416051    
  0.942952991      0.300000012      0.939436078    
  0.949200153      -2.22814240E-04  0.939353228    
  0.949664474      0.300000012      0.939439237    
  0.955973327      -1.72233471E-04  0.939297318    
  0.956375837      0.300000012      0.939442217    
  0.962746620      -1.27033360E-04  0.939249814    
  0.963087201      0.300000012      0.939445138    
  0.969519854      -8.77613929E-05  0.939212143    
  0.969798684      0.300000012      0.939448476    
  0.976293206      -5.50033001E-05  0.939186513    
  0.976510048      0.300000012      0.939452589    
  0.983066559      -2.93891553E-05  0.939175189    
  0.983221471      0.300000012      0.939457357    
  0.989839911      -1.15997982E-05  0.939179063    
  0.989932895      0.300000012      0.939463735    
  0.996613324      -2.37491736E-06  0.939178228    
  0.996644258      0.300000012      0.939472258    
